1592
-0.0111435 -0.000880469 0.00724647
0.0618736
-0.0157956 0.0772346 -0.161073
-0.0405493 -0.12327 -0.129176
-0.132358 0.139595 0.00188869
-0.107579 0.0664734 -0.136346
0.120208 -0.116913 0.0683872
-0.134956 -0.0666655 -0.1144
-0.070446 0.101734 0.150105
0.0256151 -0.0698301 -0.161128
-0.146702 -0.0658068 -0.101674
0.173948 0.0130993 0.00631386
-0.146719 0.0592195 0.118882
-0.0957921 -0.142328 -0.0780898
-0.139411 0.0176855 0.140129
-0.0412931 0.180986 0.0289433
0.0356478 0.14955 -0.0909191
-0.0816863 0.123493 0.12561
-0.0233394 -0.123941 -0.131182
-0.147433 -0.0876119 0.0986673
-0.0538917 -0.121906 0.141338
-0.0132921 -0.155903 0.109318
-0.0391732 -0.043557 0.185707
-0.13964 -0.0496375 -0.117519
0.0803995 -0.0332934 0.165437
0.171017 0.0184761 -0.0227185
-0.167898 0.0472672 0.0942227
-0.172 -0.0168962 0.098481
0.169962 -0.0338869 -0.0165509
0.104535 0.0801696 0.127681
0.0910526 0.139825 -0.0576619
0.0700831 -0.111893 0.13188
0.0482686 -0.015369 -0.168012
0.0353088 -0.170939 -0.0508682
-0.0575957 0.169178 0.0653611
-0.0705556 0.0136081 0.182504
-0.09237 0.110132 -0.117387
-0.11334 -0.141586 0.0721548
-0.126822 -0.0819305 -0.113188
-0.192249 0.0321259 0.0310439
0.14742 -0.027294 0.100063
0.118382 -0.132626 0.0251669
0.109232 -0.0921376 -0.100629
0.132615 0.0382184 -0.103478
0.156216 0.0782939 0.0205558
-0.00702692 0.110529 0.155658
0.0465305 -0.00737135 0.183561
0.0607628 0.163474 0.0549154
-0.0218327 0.176042 -0.0478833
0.0225742 0.09863 -0.145776
-0.0448611 -0.100391 0.160269
-0.000454232 -0.177803 0.0623762
-0.01526 -0.11229 -0.141165
-0.0688174 0.00561041 -0.169068
-0.0830497 -0.165234 -0.0404225
-0.131519 0.0903767 0.115121
-0.140669 0.130866 -0.0106739
-0.154902 -0.0399793 0.117971
-0.169707 0.0255331 -0.08557
-0.178503 -0.0800549 -0.0060629
0.0275324 0.179626 0.0266519
-0.0049616 0.0901764 -0.154387
-0.126676 0.079796 0.128071
-0.0675441 0.175704 0.01683
0.0999845 -0.126805 -0.0718028
-0.0998935 0.118255 -0.104043
-0.104773 -0.0829005 0.144946
0.0672804 0.121004 -0.108723
-0.1145 0.109771 -0.100126
0.168069 -0.0401611 0.0354436
-0.170622 -0.0500427 0.088517
-0.071464 0.0506297 -0.160573
-0.169071 -0.0849334 0.0567337
-0.0454637 0.0467919 0.183328
0.0594882 0.127121 0.121623
-0.109336 -0.0506396 0.156703
0.0121882 0.0876231 -0.15424
-0.166448 -0.0800122 -0.0565796
-0.0869869 -0.152901 -0.0675372
-0.0396224 -0.144759 -0.106521
-0.0839347 -0.171009 0.0218302
-0.10359 0.127867 -0.0893602
0.0368683 -0.178038 0.0349083
0.172666 -0.011191 0.0309741
-0.184821 -0.0263826 0.0675866
-0.190006 -0.0505044 0.0080622
0.0216592 0.0317897 0.187001
0.0363246 0.17519 0.0419025
-0.153551 -0.0564636 0.112536
-0.0677583 0.0624416 0.172292
0.116237 0.00269042 -0.127722
-0.0682628 0.161513 0.0766796
-0.137021 -0.130983 -0.0337798
0.0945618 0.126267 0.0915964
-0.0834021 0.158665 0.0687203
0.154832 -0.0829328 -0.00597059
-0.186195 -0.0527159 -0.0262956
-0.02647 0.183828 -0.00289693
-0.176646 -0.0356431 -0.0692754
-0.0892231 -0.137425 0.105808
0.0281769 -0.0799394 0.170521
-0.144371 -0.12993 5.33311e-05
0.052862 0.170064 0.0409582
-0.145143 0.068712 -0.100717
-0.0656695 0.0353764 -0.166441
-0.00989895 0.0621772 -0.167331
-0.0855933 -0.0528715 -0.154646
-0.075569 0.152194 0.0901482
0.027842 -0.0963377 -0.147101
0.160478 -0.0703822 0.0203159
-0.194526 -0.022362 -0.0118477
-0.184377 0.0252072 -0.0541097
-0.0252985 -0.16197 0.0983774
0.0262532 0.0142846 0.188428
-0.175842 -0.0808774 -0.0232484
-0.107925 -0.11679 0.115197
0.146505 0.0926138 -0.0220923
-0.0837766 0.00332679 0.178015
-0.122624 0.0239344 -0.13908
0.0697572 -0.0613138 0.162996
-0.096385 0.0133056 0.171526
0.15253 -0.0561068 -0.0606958
-0.171917 0.0548942 -0.0668888
-0.0229903 0.0731918 0.177035
-0.151667 0.0974389 -0.0637577
-0.112097 -0.117083 -0.096486
-0.0150149 -0.185481 -0.0117995
-0.138373 -0.00480157 -0.127855
0.0424723 0.00945099 0.184655
-0.112961 0.153029 0.0272512
-0.0193995 0.182734 -0.0186922
0.0348015 0.178927 0.0109252
-0.0418568 0.147594 -0.099838
-0.0943011 -0.0102755 0.172932
0.0657946 0.0989003 -0.12906
0.151297 -0.0772973 -0.0399637
-0.183601 0.0537727 -0.0343047
-0.162892 0.105608 -0.00211527
-0.0484469 -0.133884 -0.116744
-0.0212575 -0.170174 0.0826952
-0.162744 0.0402935 -0.091632
-0.132536 -0.114298 -0.0755515
0.14896 0.0186946 0.09911
-0.124995 -0.137695 0.0599211
-0.0814782 0.167762 -0.0254328
0.0271458 -0.182509 0.00680418
-0.135506 -0.125426 0.0662166
0.164344 0.00324432 -0.0531036
-0.147519 0.124074 0.0228357
-0.0658337 -0.128384 0.130563
-0.128654 0.130398 0.0656615
-0.082475 0.0797057 -0.143991
-0.0103977 -0.043649 -0.173378
-0.0996321 0.151823 -0.0502562
-0.00462277 -0.172254 0.0782661
-0.114377 0.0564154 0.150478
-0.0121204 0.0855278 0.171526
0.0327044 0.0441458 0.181903
-0.0131676 0.153351 0.110512
-0.133899 -0.135014 0.0445863
0.0982769 0.137864 0.0640995
0.15781 -0.0223798 -0.0665604
-0.167144 0.0968059 0.0312504
-0.155243 0.0795865 0.0921909
0.12673 -0.00592145 -0.116933
0.0955179 -0.152 0.0227774
-0.075622 0.0212118 -0.165408
0.0585028 -0.062093 -0.153556
0.00987455 0.0195715 0.190536
0.0314514 -0.165625 -0.066916
-0.168419 0.0833853 -0.0439263
0.154746 -0.0840624 0.0113318
0.014456 -0.167979 -0.0694203
0.084999 0.123604 0.105813
-0.179422 -0.00462368 -0.0710052
0.0240931 -0.182366 0.0238729
-0.191942 -0.0221774 -0.0289927
-0.0533404 0.116193 -0.130479
0.0902973 0.100965 -0.110194
-0.154291 0.0834295 -0.0755523
0.106184 -0.14247 0.0325794
-0.156042 -0.115621 0.0243968
-0.142467 -0.0672227 0.120419
-0.0925708 -0.0769182 0.155715
-0.176187 0.0123411 0.0911564
0.0309339 -0.157572 -0.0829322
-0.0973368 0.0869348 0.146222
0.108034 0.115696 0.0888655
-0.168817 -0.0346094 -0.0847124
-0.171745 -0.0810097 -0.0400992
-0.0156397 0.15719 -0.0899576
0.126066 0.0122197 -0.11708
-0.177788 0.0254785 -0.0701489
-0.056373 0.0920397 -0.146946
0.119542 -0.0476989 0.130471
0.0326134 -0.00976223 -0.172924
-0.173652 -0.070049 0.0643578
0.123163 0.0943908 -0.0784284
0.0220712 -0.0234887 -0.173974
0.0594291 0.0922658 0.151463
-0.161056 -0.106949 -0.0197826
0.0986157 -0.0591026 -0.13066
-0.131569 -0.141442 -0.00671837
-0.181409 0.0714165 0.0226656
-0.077852 0.172294 0.00331049
-0.187483 -0.0461015 0.0435005
0.134944 0.0211162 -0.105135
-0.0336622 -0.174917 -0.053244
0.0201141 -0.180771 0.0406748
0.0776017 -0.158884 0.0474249
-0.0538189 -0.161235 0.0904345
0.017734 -0.000272349 -0.176113
-0.00204385 -0.0867334 0.171568
0.064349 0.114053 0.131931
-0.15159 -0.106187 -0.0530889
-0.102382 -0.146704 -0.0625121
-0.149082 0.103754 0.0741756
-0.0239084 0.164709 -0.075652
-0.172433 -0.0927053 0.00424304
-0.184236 0.0648654 -0.0058445
0.169998 0.0347855 0.0264976
-0.107227 0.10195 -0.113786
-0.0356228 -0.184871 0.00905287
-0.0339886 0.183248 0.0127176
-0.108154 0.0878285 -0.123806
0.0898222 0.0397473 0.157614
-0.0709681 -0.157596 -0.0722287
-0.0185905 0.116564 -0.136303
-0.0300687 -0.154245 -0.0955942
-0.129758 -0.112215 0.0966346
-0.126693 0.0233036 0.15049
-0.0683719 -0.177173 0.0173014
-0.0143014 0.171037 -0.0626781
0.00850283 -0.0717075 -0.163202
0.107306 -0.0682723 -0.118782
0.135796 -0.0150219 -0.105287
0.0908033 -0.138936 -0.0634825
-0.122105 0.0954188 -0.106195
0.145093 -0.09662 0.0368955
0.0697472 0.0610639 0.162407
-0.0889664 -0.136418 -0.0928941
-0.0497171 -0.110919 -0.137179
-0.0891851 -0.0923821 0.14864
-0.147145 0.094733 0.0898099
-0.0669579 -0.170014 -0.0450391
-0.148385 -0.106062 0.0747502
0.0915146 0.153034 0.0223029
-0.194816 0.0151287 0.0287711
0.054917 -0.102401 -0.133412
-0.0995315 0.0597114 0.158809
-0.196252 0.012136 0.0117524
0.134176 0.0386269 0.115766
-0.0336562 -0.0865719 -0.155865
-0.165551 0.101869 0.0147426
-0.0277109 -0.0428924 -0.172797
0.0302333 -0.180929 -0.0107947
0.0112716 -0.140107 0.127947
0.0384353 -0.128648 -0.117943
-0.135301 0.100107 0.101277
-0.0878173 0.0513762 -0.153519
-0.00138789 0.114804 -0.137588
0.00158991 0.155855 -0.0913782
0.0578165 0.0484219 -0.157886
-0.195331 -0.00274097 0.0301973
0.140736 0.0709379 -0.0716823
0.116769 0.0299578 0.138176
-0.0674897 -0.0835251 -0.149119
-0.0865318 -0.0231083 -0.160913
0.0812761 -0.160165 0.0305278
-0.0733355 -0.101004 0.150643
-0.00712558 -0.099609 -0.149889
0.00163641 -0.184527 -0.0165406
-0.00744747 0.143631 0.123684
-0.109108 -0.150241 0.0577386
-0.0271558 0.0633906 -0.166155
0.0171126 -0.105495 0.157953
-0.120475 -0.145962 0.0453647
0.131195 0.0904531 0.0837512
-0.100685 0.00797029 -0.155108
-0.139171 -0.0828805 0.113737
-0.127754 0.0387299 -0.131635
0.077462 -0.0397651 -0.151158
0.145379 -0.0921099 -0.0331649
-0.0146657 0.032413 -0.17533
-0.0608368 -0.0936515 0.160149
-0.189512 0.0242361 -0.0375763
-0.155756 0.115453 0.0102463
-0.139549 0.117601 0.0699301
-0.107193 0.141916 -0.0623143
-0.100747 -0.159098 0.0445748
-0.00909385 0.184381 -0.00411463
0.140432 0.0637223 0.0927251
-0.11684 -0.0206036 -0.144062
-0.161949 -0.00462348 -0.100914
0.113103 -0.119451 -0.0631722
0.129802 -0.0360059 0.122813
-0.0930984 -0.156633 -0.0517423
0.0576966 -0.172736 -0.00623202
0.0193857 0.178895 0.0419409
0.0637418 -0.125287 0.122877
-0.187804 -0.0216129 -0.0458216
0.169689 -0.0242071 0.0420393
0.047673 -0.128464 0.128565
0.0598548 0.133519 -0.0992951
-0.179399 -0.0763081 0.028594
0.0681827 -0.0451655 0.169115
-0.183785 -0.0424955 0.0612652
-0.0916359 -0.0921995 -0.132885
0.0525916 -0.0778015 -0.149202
-0.176771 -0.051414 -0.0596045
0.13862 -0.023581 0.114534
-0.122067 -0.0229568 0.154432
-0.112707 0.083698 0.137579
-0.0592049 0.113901 0.14498
-0.166966 0.0823396 0.0642449
0.0599701 -0.137738 0.110533
-0.104219 0.159146 -0.00630546
0.082636 0.114957 -0.103398
-0.163029 -0.0991428 0.0488446
-0.150951 -0.0724006 0.106211
-0.0617501 -0.0403189 -0.166933
0.108062 -0.113589 -0.0795974
-0.185027 -0.065537 0.000992247
-0.0900889 -0.115737 -0.115354
0.136712 0.100181 0.0560349
0.0184115 -0.173752 -0.0535558
-0.146809 0.0297955 0.130165
0.0885824 -0.0499325 -0.141427
0.0114517 -0.179306 -0.038677
0.0464861 0.166177 -0.0495503
-0.132665 -0.061789 0.13365
0.0976475 -0.150058 -0.0118751
-0.094736 -0.0608127 0.161763
-0.191963 0.0372417 -0.0102501
-0.117838 0.052566 -0.134933
-0.167696 0.018008 0.105174
0.115482 -0.0993551 -0.0861545
0.00416781 -0.115593 0.152373
0.0653392 -0.0287904 0.174059
0.116184 -0.0150609 0.141566
-0.00674851 0.0244788 0.191074
0.00146768 -0.173652 -0.0594315
0.0320003 0.125799 0.135878
0.0443593 0.154964 -0.0769386
-0.126451 -0.0929476 0.119865
-0.0698584 -0.115145 0.141229
-0.16427 0.0966162 -0.0315063
-0.0703798 -0.024348 -0.167096
-0.145121 -0.034427 0.131261
-0.195469 0.00816405 -0.0126859
0.156951 0.0294583 -0.0654095
-0.138909 -0.0812704 -0.100774
0.00983001 -0.0601021 0.181912
-0.0773016 0.0651573 -0.153119
-0.137219 -0.0953999 -0.0908667
0.0890781 0.154667 -0.00744045
-0.0376574 -0.127854 0.140024
-0.0586112 -0.0975015 -0.14397
-0.00085831 -0.148711 0.11903
-0.091507 0.046393 0.167752
-0.11686 0.14206 0.060606
-0.0230112 -0.0498381 0.185901
-0.0615492 -0.00999161 -0.171167
0.0108842 -0.185122 0.012225
0.109248 -0.141865 -0.00192613
0.125032 -0.111453 -0.0534568
0.114953 -0.113094 0.0844651
-0.151086 -0.0762982 -0.088583
0.165508 -0.00425791 0.0641505
0.0649114 0.166201 -0.0202194
-0.0618877 -0.140385 0.118685
-0.0337693 -0.173658 0.0712073
-0.0527773 0.102114 0.155954
-0.158923 0.108389 -0.0187636
-0.0285297 -0.106296 0.159037
-0.112812 0.0277389 0.159888
0.0521327 0.0644634 -0.15456
-0.190808 0.0243522 0.0464759
0.0656422 -0.16707 0.0379059
-0.0987169 0.162012 0.0231203
-0.192881 0.00729889 0.0441206
0.12877 0.114896 -0.03116
-0.0256739 -0.183203 0.0389082
-0.184649 0.0398729 -0.0446186
-0.0318881 -0.184717 -0.0078789
0.0709051 -0.0773925 0.155128
0.0541732 0.0670021 0.167186
0.0573336 -0.161191 0.071015
-0.147823 0.121012 -0.0230186
-0.1112 -0.135458 -0.072332
-0.0416604 -0.0992614 -0.147172
-0.0448874 -0.0420657 -0.170574
0.0299515 -0.140259 -0.108252
-0.186867 0.0197845 0.0633646
0.111801 -0.0512901 -0.122363
0.11589 0.13314 -0.0116243
-0.0585629 -0.175898 0.0469362
-0.0925572 -0.167077 -0.00708677
0.118649 -0.0314228 0.136383
-0.0352034 0.101184 0.16041
0.00362231 -0.181823 0.0459349
0.0436526 -0.0840637 0.163877
-0.0328873 0.15682 -0.088214
-0.0655631 -0.00285135 0.1847
-0.0565025 -0.143283 -0.102841
0.0539318 0.106782 0.143735
-0.0786114 -0.0131357 0.179737
0.110709 0.101826 -0.0879292
-0.113275 -0.151346 -0.0299594
-0.106286 0.0722183 0.148878
-0.144943 -0.119073 -0.0435795
0.0708254 -0.163047 -0.0306757
0.1589 -0.0688795 0.037518
-0.0376951 -0.162165 -0.0807156
-0.0241117 0.112613 0.153554
-0.193368 -0.0352341 0.015557
-0.178836 0.0401445 -0.0609531
-0.158752 0.0972108 -0.0479337
-0.144284 -0.0194738 -0.120749
-0.0564271 -0.018187 0.186425
-0.0548992 0.0496991 -0.165907
0.126844 0.101469 -0.0630315
-0.121072 -0.150409 0.00377235
-0.164979 -0.104497 0.0145465
-0.161391 0.00604349 0.116025
-0.00196076 0.132612 0.135896
-0.166498 0.0104788 -0.0937043
-0.175009 0.0746692 0.0507837
0.159137 -0.050442 0.0620482
-0.0728966 0.166779 0.0575646
-0.0356488 -0.057485 -0.167826
-0.0342507 0.0605747 0.180868
-0.0712608 0.171471 0.0409522
0.0481272 -0.149014 0.102108
-0.0489933 0.0342289 -0.17105
0.0185809 0.17072 0.0714708
-0.00347418 0.0467612 -0.171992
-0.14889 -0.0905724 -0.078987
-0.159411 -0.0956004 0.0664061
-0.0694025 -0.0545428 -0.160626
0.00402486 0.120548 0.146818
0.0512626 0.126413 -0.112574
0.13544 0.0631396 -0.0869324
0.159646 0.0615592 -0.0300022
0.10521 -0.00669294 -0.137264
-0.0892336 0.161292 0.0526035
0.132133 -0.0973818 -0.060684
0.0275377 -0.141478 0.122099
-0.0610696 0.0644384 -0.159174
-0.0117545 0.10378 -0.146053
-0.122914 -0.141259 -0.0402552
-0.163532 -0.0116709 0.112681
-0.05209 0.00434917 -0.173726
-0.161294 -0.0640702 -0.0817317
0.0845737 0.0114868 0.165804
-0.194185 0.0291959 0.0140637
0.0884598 0.0778602 -0.128157
-0.135204 -0.0977109 0.105674
-0.191231 0.0440771 0.00566837
0.1017 -0.121937 0.0913107
0.008598 0.124996 -0.127736
-0.162128 0.0636149 0.0938432
0.0187624 0.153456 -0.0914503
0.0331006 -0.0540009 -0.16502
-0.0206025 -0.162465 -0.083616
0.0685189 0.0590518 -0.149333
-0.155 -0.0232166 0.122405
-0.0440814 0.181595 -0.00128462
0.0355372 0.16715 0.0708204
0.0266915 0.137861 0.12461
0.0978267 0.149386 0.00656928
-0.195083 0.0221069 -0.00238516
0.15601 0.0581524 0.0622906
0.0791262 -0.141038 0.0888701
-0.0258297 0.128032 -0.125497
-0.0411017 0.163385 -0.0738365
0.0719313 -0.0971667 -0.127967
-0.10812 -0.149771 -0.0464397
0.0326939 0.108817 -0.135931
0.00691426 -0.0430349 -0.17262
-0.0370291 -0.0601715 0.181228
-0.119064 -0.0726676 -0.125625
0.0178195 0.182428 0.0110204
-0.0225525 -0.179796 -0.0408575
-0.126883 -0.0572157 -0.126491
0.107106 -0.0748656 0.129715
-0.0562041 0.171795 -0.043819
-0.162301 -0.0941906 -0.0466037
-0.0883106 0.167106 -0.0095097
0.11492 0.109321 -0.0728709
0.150321 -0.0320514 -0.0788499
0.0321762 0.177528 -0.0201194
-0.0984505 -0.159032 -0.0354219
-0.172083 0.0914468 0.00184066
-0.151482 0.0698422 0.106032
-0.151061 0.0121924 0.12852
-0.0859346 0.133043 0.111773
-0.107635 -0.065612 -0.137509
-0.00587884 0.0702837 0.178603
0.113687 -0.094129 0.108128
-0.0747047 0.156172 -0.0685803
-0.129309 0.133008 -0.0434064
0.153875 0.0773861 -0.0258951
0.0876975 -0.0908393 -0.121567
-0.0293146 0.179511 -0.0325508
0.0971571 0.108705 -0.0962769
-0.0376203 -0.166387 0.0870055
0.0486512 0.00196052 -0.168457
-0.149947 0.111709 0.0573678
0.148023 -0.0722425 -0.0562256
0.0328553 0.0075755 -0.172886
0.0568735 -0.0728508 0.164247
-0.153845 0.109951 -0.0352692
0.0183022 -0.0846144 -0.155777
-0.176722 0.0688482 -0.0394097
-0.0165041 0.173688 0.0701135
0.117149 0.115413 0.0741178
-0.128206 0.137156 0.0484455
0.0955237 -0.0992063 -0.108552
-0.155848 -0.0194505 -0.107517
-0.167163 -0.0943082 -0.0299596
-0.127963 -0.141778 -0.0236754
-0.192122 -0.0331371 0.03296
0.0522602 0.0193594 -0.166032
-0.129809 -0.0777529 0.127513
0.0834585 -0.0655782 0.153259
-0.140151 0.109969 -0.0670806
-0.154477 0.0546298 -0.0968166
0.00967377 0.141173 0.1249
0.153308 0.0836829 -0.00887769
-0.152422 0.118735 -0.00645302
-0.0152775 0.18145 0.0417942
0.0836172 -0.160374 0.0133483
0.0771841 0.149947 -0.0552393
-0.182992 -0.0365651 -0.0531656
0.140793 0.0763151 0.0808082
0.067232 0.148911 -0.0694004
0.0204229 -0.118677 0.147185
-0.149389 0.0249305 -0.113903
0.130093 0.0791094 -0.082803
-0.12429 -0.00552911 -0.139829
-0.179548 0.050147 0.0663335
-0.0742761 0.0761381 0.163891
-0.190985 -0.00627181 -0.0383926
0.158857 0.0735837 0.00407864
-0.0178132 0.00215974 -0.17823
0.010165 -0.0984506 -0.149218
0.0640636 -0.111267 -0.121648
-0.0739889 -0.119499 -0.120954
0.0636331 0.159593 -0.0485358
-0.0445136 -0.181376 -0.0203741
0.0302152 -0.0948415 0.161894
-0.131724 0.0532748 -0.123071
-0.0818245 0.0365657 -0.160256
0.132402 0.111143 0.0433105
-0.0464209 0.177376 -0.0306358
0.0500844 -0.0242085 0.180919
0.0748979 0.119518 0.119301
-0.0781916 -0.038831 -0.16163
-0.0486075 0.165814 0.0798024
-0.0296644 -0.151976 0.113464
0.0370222 0.163676 -0.0638624
-0.059146 0.157702 0.090928
0.0739583 -0.0564637 -0.14807
-0.0765762 -0.085984 0.158676
-0.109093 0.156765 0.0102563
-0.116123 -0.0882237 0.132967
0.104182 -0.090154 0.122074
0.1722 0.00553615 0.0355175
-0.00508609 -0.137306 0.13297
-0.039028 0.174711 -0.0460922
-0.178323 -0.00477805 0.0878121
-0.188827 -0.0520088 -0.00917158
-0.182133 -0.0208003 -0.0621871
-0.14595 -0.128092 0.0172237
-0.0359239 0.162387 0.0920093
-0.0799934 -0.147636 -0.0831832
0.0917027 -0.0330533 -0.143891
-0.0815513 -0.053858 0.170621
-0.134212 -0.02859 0.143413
0.131827 -0.106309 0.0610924
0.143171 0.0968436 0.0402932
-0.057592 -0.108248 0.151364
0.0958526 -0.0703198 0.142099
-0.0222308 0.0914039 -0.153426
0.100898 0.067229 0.138635
-0.181313 -0.0581813 0.0543012
0.172202 0.0246054 -0.00653986
0.0866015 0.0715129 0.147461
0.0161893 -0.0568075 -0.167625
-0.153808 -0.00603661 0.125886
0.0896406 0.137381 0.0792289
-0.163524 0.0359728 0.106631
-0.0784676 -0.163499 0.06622
0.0561402 -0.173837 0.0110024
-0.164579 -0.0810254 0.0742497
0.148007 0.0931607 0.0240541
-0.100876 0.130484 0.102884
-0.11901 0.149887 -0.00219447
-0.0739762 0.166974 -0.0410455
-0.177203 0.0801227 -0.0105839
0.0992419 0.051453 0.147001
-0.140944 0.0390872 -0.119282
0.0423633 -0.0667742 -0.15783
-0.130785 0.00555174 0.149019
-0.120832 0.0685596 0.139918
-0.0649346 -0.178402 0.000350601
0.124178 -0.11988 0.0517709
-0.164136 -0.0285315 0.108656
-0.0698309 -0.154739 0.0929111
0.111399 0.0789008 -0.107092
0.0542048 -0.115395 0.137903
-0.139558 0.124987 0.0533134
0.0848397 -0.157205 -0.0211252
0.0500493 -0.103206 0.149514
-0.000519405 0.000913283 -0.178061
-0.10345 0.0980016 0.134356
0.128527 -0.0680597 0.109395
-0.0646925 0.124933 0.13278
-0.196624 -0.00514898 0.0130747
-0.138974 -0.117587 -0.0597912
-0.158968 0.0974596 0.0613965
0.127367 -0.121343 0.0347902
0.0433971 0.0981491 0.154466
0.0833407 0.147459 0.0666028
0.12649 0.121443 0.0306762
0.00217254 0.180993 0.0418851
0.0373137 -0.120941 0.140259
0.0105709 0.162508 -0.0781216
-0.00212869 -0.0286468 -0.176064
-0.0910484 0.0746964 0.156774
-0.0292008 0.0876292 0.169404
-0.185965 -0.00550622 -0.0549718
-0.077153 -0.17329 -0.0120644
-0.122307 0.104775 0.111815
-0.193184 -0.0170755 0.0397142
0.138026 -0.0590615 -0.0866606
-0.124159 -0.129677 0.0786188
0.0378954 0.144396 0.111865
-0.104333 -0.1305 -0.0874619
-0.118289 -0.124999 0.0942494
0.0469231 0.0369305 -0.164956
0.00490445 0.0823533 0.172382
-0.0461739 -0.175645 0.0590659
0.0437892 0.0557163 0.175277
-0.0869989 0.166061 0.0360834
-0.143502 0.0965507 -0.0790289
0.00399256 0.151489 0.112173
-0.0724237 -0.172363 -0.0287207
0.0551158 -0.0570963 0.171273
0.138584 -0.0559366 0.102145
0.142229 -0.0944702 0.0538611
0.144285 0.0351197 0.10212
-0.136126 -0.116552 0.0811008
0.165163 0.0520631 -0.0165846
0.0197131 0.0286381 -0.173396
-0.0172554 0.0580203 0.183168
0.0140496 0.00226532 0.191123
-0.0640046 0.173443 -0.0284211
-0.182589 0.0104249 -0.0629945
0.0100882 0.107447 0.156476
-0.103736 0.152424 0.0560241
0.0208525 -0.131824 -0.120367
-0.1877 0.0441197 0.0427107
0.105814 -0.0267768 0.14904
-0.133885 0.0678152 -0.113875
-0.185775 0.0362505 0.0580412
0.0929528 0.00146958 -0.14642
0.0215136 -0.031356 0.187413
-0.193031 -0.0366961 -0.00220521
0.0120036 -0.0760216 0.175393
0.098909 0.113525 0.103449
0.0488138 0.172645 -0.0201248
0.0990968 0.00639554 0.156408
-0.175262 0.0106089 -0.0787088
-0.0819149 -0.120709 0.130078
-0.0296252 -0.179215 0.0553136
-0.0485104 -0.182382 -0.00353157
0.0527403 -0.155905 0.0868787
-0.181389 0.058554 0.0512807
0.109192 -0.139617 -0.0197128
0.0777041 0.0259147 -0.153512
-0.0113859 -0.0214307 0.191726
-0.050851 -0.0695621 0.17506
-0.184186 -0.0614832 0.0362077
-0.0348677 -0.0762832 0.175195
-0.135519 0.132528 -0.027221
-0.180538 0.024027 0.0789405
0.139377 -0.108443 -0.00788746
-0.0833609 0.0236259 0.176478
0.009788 0.146013 -0.104285
-0.0777257 -0.133332 0.118954
-0.0775246 0.039936 0.175718
0.021614 -0.150754 -0.0972515
-0.00210153 0.182526 -0.0198729
0.00153345 -0.00987509 0.192215
0.0421725 0.176524 -0.00458459
-0.122464 0.0814118 -0.11641
-0.1698 -0.0503312 -0.0754442
-0.0246788 0.148581 -0.101992
-0.0318967 -0.0916849 0.167805
0.080071 0.135443 0.0941425
0.154771 0.0707635 0.0496079
0.163621 0.0124575 0.0683568
0.138263 0.100879 -0.0349158
-0.0978989 0.0302861 0.168359
0.144537 -0.00549064 -0.0937365
-0.00338506 -0.161518 -0.0854379
-0.0167498 0.184608 0.0114415
0.0276554 0.173732 0.0568482
-0.107351 0.02303 -0.149685
-0.185437 -0.0637761 0.0182427
-0.00447284 0.175829 -0.0491829
-0.133699 0.0956832 -0.093305
0.0409022 -0.164565 0.0776287
-0.189787 0.0471133 0.0226788
0.119916 0.124598 0.0464076
-0.156435 -0.0927025 -0.0628538
-0.184755 0.0589806 0.0342764
0.0762226 -0.144901 -0.0707294
0.0426948 0.159122 0.0844206
-0.179112 -0.0220228 0.0833689
0.0433073 0.132981 0.123743
0.0755445 0.127982 -0.0944137
0.00259982 0.0308263 -0.175129
0.10601 0.142513 0.0202256
-0.179697 -0.0785294 0.011168
-0.0404335 0.0752409 0.173988
0.0180855 -0.0145631 0.19004
-0.00427218 -0.0711804 0.178902
0.0946895 0.0231053 0.157842
-0.186467 0.0599893 0.010645
0.136515 -0.0719775 0.0944095
0.0549829 -0.143536 -0.0914027
0.00884435 0.166409 0.0851562
-0.0190497 0.134675 0.133806
0.103529 0.0705112 -0.120067
-0.0914858 0.0222776 -0.158476
0.0680516 0.155417 0.0685192
0.0521924 0.144875 -0.0886653
-0.0807513 -0.172939 0.00489395
-0.0816728 0.122666 -0.111989
0.0162691 0.0493239 0.183834
-0.0102476 -0.0134396 -0.177947
-0.0889798 0.130459 -0.0983312
0.0717312 -0.165665 -0.0135589
-0.0413043 0.113728 0.150111
-0.143712 0.0539182 -0.110558
-0.0811219 0.0886447 0.154023
0.131433 0.0781788 0.0959963
0.166897 0.0282971 -0.0364018
0.0380967 0.0726359 0.170421
-0.0849719 0.00682519 -0.162886
-0.165168 0.0735151 0.0793349
-0.171921 -0.0336546 0.0940306
-0.177379 -0.0733445 0.0468676
-0.109888 -0.0338313 0.160931
-0.0675724 0.133077 -0.108193
-0.0496972 -0.134914 0.129736
0.0835711 -0.15394 -0.0381089
-0.052895 0.135619 0.125904
-0.112167 0.118196 0.107596
0.157025 0.0153431 0.0841309
0.117149 0.0629547 -0.110742
-0.0181714 0.0995006 0.163225
0.120241 0.103621 0.0864478
-0.0574625 -0.121993 -0.125575
0.0915717 0.145872 -0.0414194
-0.157916 0.0242163 0.118076
0.158811 -0.00508204 -0.0672709
0.0774437 0.15559 -0.0388458
0.0143467 -0.184351 -0.00474768
-0.138015 0.109078 0.0864161
0.0588128 0.113 -0.121565
-0.159158 0.104787 0.0444101
-0.0320336 0.000828808 0.19168
0.0960389 -0.0544234 0.149022
-0.134564 0.0355172 0.141028
0.121372 0.0464217 -0.113821
-0.121754 0.132651 -0.0590093
-0.152666 0.0398728 -0.105739
-0.116471 0.0089558 -0.14528
-0.19275 0.00875416 -0.029919
0.0944769 0.148544 -0.0239253
-0.15676 -0.107324 -0.0365773
0.0428717 -0.178351 0.000793283
-0.116646 0.13479 0.0773735
-0.123011 0.147069 0.0144401
-0.0207922 -0.066234 0.180714
0.152141 0.00204084 0.0954781
-0.143985 0.0853547 0.104054
-0.023595 0.0289325 0.190034
0.0785844 -0.0821313 -0.133474
0.0905284 0.0846622 0.136863
-0.161921 0.0839735 -0.0599914
0.117107 -0.0791797 0.116224
0.0845234 0.0996437 0.130526
-0.0166274 -0.175136 -0.0564725
-0.113786 0.151597 -0.0186396
0.148579 0.0735736 0.0655591
-0.0829579 0.1591 -0.0536148
-0.188951 0.00282691 0.0604059
-0.112052 -0.103018 0.124892
-0.173362 0.0824538 -0.0273323
0.154174 -0.0144609 0.0905574
0.0298121 0.170924 -0.0498578
0.0492412 0.104407 -0.133193
0.0942784 0.0619844 -0.131999
-0.0393843 0.09201 -0.150959
0.0757341 0.085016 0.146993
-0.0367173 -0.0273362 -0.174691
-0.0108702 -0.183035 -0.0284577
-0.0943072 0.165067 0.00663148
-0.0365963 0.181391 -0.0169239
0.0625477 0.0748403 -0.145368
0.165585 0.0512398 0.0297283
-0.0326158 -0.112096 -0.139808
0.0929731 -0.0158546 -0.145693
-0.0465466 0.0891645 0.165656
0.165793 -0.0413218 -0.0316505
-0.141113 -0.131182 -0.0169312
0.127442 0.120614 -0.0148445
0.16183 -0.0579169 -0.0285596
-0.101824 0.157808 0.0396527
-0.0610995 -0.178061 -0.016556
0.166102 -0.0207859 0.0586558
-0.0554433 -0.179657 0.0302991
-0.115783 -0.0503106 -0.137882
-0.0500216 0.0786287 -0.155916
-0.131531 -0.129963 -0.0501955
0.159595 0.0671011 0.0333606
0.0365285 -0.158338 0.0932092
-0.0155339 -0.0971033 0.165919
0.00754006 -0.043655 0.186903
-0.0972216 -0.112277 0.128228
0.160383 -0.0449464 -0.0483601
-0.142955 9.76229e-05 0.137937
-0.0835573 0.169596 0.0194605
-0.0277832 -0.182984 -0.0246361
0.00756734 -0.184244 0.0292216
-0.144439 0.0101321 -0.121463
0.045712 0.0798855 -0.149914
-0.0881441 -0.166888 -0.0238571
-0.092613 -0.0663981 -0.146133
0.064757 0.143335 0.0961066
0.0378524 -0.029146 -0.169546
-0.0172468 -0.145374 0.123606
-0.0357971 0.116802 -0.134168
0.0465525 -0.0431029 -0.164053
-0.0889984 0.141693 0.09706
0.0326332 -0.175736 0.0515644
0.10239 0.0285452 -0.136626
0.0736432 -0.155929 0.0640459
-0.144055 -0.122709 0.0513772
-0.194444 -0.00678605 -0.0214094
-0.0416102 -0.157465 0.102158
0.0393342 0.0947358 -0.143633
0.147728 -0.0967199 0.0017822
0.16087 -0.0178204 0.0749195
0.161764 0.042063 0.0593434
0.108213 -0.0591328 0.136922
0.0239449 -0.0404109 -0.17069
0.0487723 0.0386305 0.178431
-0.104441 0.14591 0.0720779
0.0400131 -0.178995 0.0178833
0.097053 -0.151697 0.00550869
-0.168305 -0.0658066 0.0816767
-0.156387 0.0102883 -0.107796
0.0120425 -0.172757 0.0733976
-0.135296 -0.137381 0.0274661
0.022422 0.176663 -0.0352595
-0.12546 -0.0962988 -0.103578
0.147709 -0.0794283 0.062485
-0.189075 0.0386178 -0.0278999
-0.11154 -0.105098 -0.109005
-0.0302165 0.154196 0.10746
0.120261 -0.130895 -0.00960981
-0.102141 -0.0216597 -0.153199
0.135872 -0.102128 -0.0436491
0.0336721 -0.108455 0.151726
-0.0964416 -0.0441706 0.166323
0.127114 -0.102928 0.0774331
-0.160275 0.0253412 -0.100118
0.0840804 -0.0663284 -0.138026
0.112484 0.0375467 -0.125775
0.0727528 0.084113 -0.134854
0.163447 0.020529 -0.0520393
-0.126155 -0.10875 -0.0906898
0.131829 0.117264 0.0147172
-0.0579957 0.144896 0.112172
0.0968238 -0.147456 -0.0289991
0.0943529 -0.120638 -0.0875361
0.0239311 -0.0480311 0.183319
-0.161417 -0.0613708 0.0978767
0.129489 -0.121592 0.0175531
0.0239114 -0.130708 0.135196
-0.115046 0.14309 -0.0468987
-0.0984521 -0.149977 0.0750875
0.125791 -0.0244802 -0.115827
-0.120567 -0.00588984 0.157102
-0.0939684 -0.158227 0.0605104
-0.00671329 0.178037 0.0564797
0.0806849 -0.105507 -0.115538
-0.164835 -0.102019 0.0318404
0.0452453 -0.0926055 -0.143955
0.171785 -0.0272467 0.0244861
0.108549 0.0181393 0.147841
0.141471 -0.0417204 -0.0902007
-0.16338 -0.0451817 0.103769
-0.0664549 -0.109164 -0.133005
-0.0938231 -0.00751737 -0.158811
-0.136482 0.0243833 -0.127316
-0.00785067 0.0166185 -0.177518
-0.0824848 -0.155521 0.0810821
-0.00856611 0.127329 -0.126957
-0.00840648 0.167954 0.0843336
0.0641384 -0.131952 -0.100494
0.00319848 -0.133989 -0.121328
0.166606 0.0388935 0.0429983
0.0375727 -0.0360614 0.182871
0.101889 -0.0841014 -0.114215
0.164989 -0.0556004 0.0281773
-0.157671 0.0890134 0.077274
0.0815524 -0.116 0.119541
-0.0527106 -0.0564657 -0.164909
0.0750519 0.0447869 0.16517
0.0749834 -0.129068 0.110228
-0.0509694 0.180269 0.0145727
-0.0314019 -0.134657 -0.119831
0.000947664 -0.101479 0.162774
-0.0729942 -0.140521 -0.0982526
0.0794162 0.00868842 -0.154502
0.137239 0.0940334 -0.0513128
-0.0183804 -0.0584291 -0.16908
0.0343108 -0.0193727 0.186263
-0.0958436 -0.166029 0.00990607
-0.172943 -0.0907356 0.0214656
-0.176786 -0.0545817 0.071541
-0.168953 -0.06546 -0.0661072
0.0946054 -0.116089 0.107243
-0.178392 0.0549165 -0.0508035
-0.0242044 0.18322 0.027035
-0.012873 -0.15391 -0.097797
-0.050438 -0.1733 -0.0491679
-0.18224 -0.0522522 -0.0431716
-0.122142 0.142874 -0.0310793
-0.00598444 -0.123696 -0.131839
-0.13662 -0.0344665 -0.125353
0.0325337 0.0885187 0.163947
-0.0935391 0.0962829 -0.127755
0.128157 -0.115668 -0.0360462
-0.174104 0.0872731 0.0185485
-0.0787121 0.0949553 -0.136646
-0.0548744 -0.0363708 0.184117
0.119938 -0.0602968 -0.109981
-0.0581604 0.160602 -0.0712888
0.143789 -0.023504 -0.0924488
-0.00495766 -0.1791 -0.0442759
-0.134349 -0.139683 0.0103061
0.104378 -0.132099 -0.0551361
-0.127833 0.141792 -0.014736
0.117908 0.0869525 -0.0931835
0.142451 0.103278 0.0111144
0.106454 0.136574 0.048864
0.172844 0.0180643 0.0228918
-0.0975303 0.0805749 -0.135433
0.125415 -0.00317719 0.132951
-0.0829542 -0.0370288 0.174553
0.102201 -0.0424224 -0.133759
0.114826 0.020444 -0.127409
-0.0223249 -0.185571 0.0220608
-0.179711 -0.0672275 -0.033226
0.121938 -0.0842274 -0.0917363
-0.0102157 -0.169024 -0.0713787
-0.0974642 0.121269 0.117171
-0.113195 -0.090982 -0.118937
0.152646 0.0704635 -0.0431317
-0.155238 -0.112772 0.0414817
-0.105152 -0.0814991 -0.131022
-0.0190749 0.0123367 0.192226
0.108798 0.0542979 -0.123231
-0.166224 -0.0196135 -0.0930238
0.0818238 0.0930573 -0.123091
0.161251 -0.0695633 0.0030131
0.0686855 -0.151777 0.0801343
0.161222 0.037592 -0.0498944
-0.183082 -0.0667709 -0.0162234
-0.0289996 0.104601 -0.144444
-0.048656 0.168389 -0.0590532
-0.0978819 0.16053 -0.0223861
0.0392917 0.17265 -0.0351618
-0.0993013 -0.102146 -0.120928
0.0259063 0.163333 0.0854527
-0.0278505 -0.0159975 0.191495
0.0889024 0.035826 -0.144736
0.035306 0.0688925 -0.158371
0.151649 -0.0633139 0.0709307
-0.00899726 -0.184501 0.0343407
0.129004 0.0550464 -0.100855
0.15368 -0.0806684 -0.0231229
-0.170516 0.000416866 0.102397
0.049542 -0.163816 -0.0577482
-0.00745075 0.147815 -0.103799
0.0319267 -0.150667 0.108063
0.0455442 -0.158056 -0.073607
-0.0511478 0.0620032 0.177248
0.00147064 0.0756727 -0.161382
-0.0394044 -0.178957 -0.0368593
-0.0442669 0.0641066 -0.163442
0.117763 0.127929 -0.028056
0.147471 0.0480592 0.0903219
0.0268012 0.142668 -0.104149
-0.0129834 -0.181284 0.0509064
-0.0940493 -0.0374669 -0.154751
-0.171388 -0.00445616 -0.08637
-0.187826 -0.037242 -0.0365272
-0.1451 0.0828233 -0.0902442
0.065304 -0.155784 -0.0606927
-0.157889 0.110974 0.0274748
-0.0284502 0.0451396 0.186237
0.0137141 0.0447234 -0.17096
-0.0350702 0.00303329 -0.176784
0.0992559 0.145564 0.0359016
0.154079 -0.0468777 0.0782459
0.00544843 0.101654 -0.146593
0.128568 0.108496 -0.0472738
-0.0856673 -0.107024 0.140043
0.169775 -0.0215653 -0.0287493
-0.130886 0.00948929 -0.134208
0.128735 0.0259574 0.126279
0.16512 -0.0289171 -0.0437471
-0.106769 0.0439912 0.159881
-0.0537213 -0.0257115 -0.171711
0.147038 -0.0972202 0.0195873
-0.0602298 -0.0703473 -0.157738
-0.0753229 0.14045 -0.0945467
-0.00687226 0.183659 0.02679
-0.113119 0.0379183 -0.142923
0.147392 -0.0434945 0.0938821
0.0126554 -0.142918 -0.109861
-0.0561334 -0.176392 -0.0330851
-0.0390784 -0.183428 0.0259831
-0.125508 -0.127279 -0.0662335
0.168807 -0.00621413 -0.0379704
-0.171973 -0.0878957 0.039141
-0.0839245 0.0618931 0.166047
-0.0194566 -0.0280261 -0.17619
0.000954495 -0.0861185 -0.157202
-0.107099 0.1524 -0.0346175
0.0841513 0.155451 0.0378141
-0.0779792 -0.00881539 -0.165742
-0.0508467 0.13705 -0.110456
0.0398246 -0.0525738 0.178083
0.0813461 0.139185 -0.0720157
-0.0470755 -0.153352 -0.0923343
0.00140069 0.173013 0.0709563
0.088325 0.127453 -0.0827074
-0.109072 -0.0168072 0.164126
0.0194959 -0.109745 -0.139943
0.135446 0.112639 -0.00169135
0.0559952 -0.124494 -0.113862
-0.151168 -0.049305 -0.104571
-0.181047 0.0676284 -0.0226626
-0.0651737 -0.131897 -0.112631
0.0764107 0.156178 0.0533129
0.143652 -0.0660225 -0.0718098
0.13783 -0.109809 0.0271636
0.142797 -0.0760038 0.0787578
0.0709922 -0.167302 0.00368843
0.0681696 0.139864 -0.0841624
0.00311842 -0.158445 0.104329
-0.11761 0.0111103 0.158826
0.0352311 -0.0818852 -0.153199
0.0935952 -0.0753581 -0.126686
0.154042 0.0463819 -0.0630034
0.058983 0.153312 0.083154
0.108217 -0.142804 0.01536
0.174103 0.00112764 0.0188562
-0.168753 0.0946452 -0.0148727
0.115596 0.0671905 0.124543
-0.0521234 -0.181816 0.0134179
0.0742043 0.163435 -0.00584214
0.111635 0.0540649 0.135159
-0.0928449 0.0658877 -0.145469
-0.00888781 -0.165104 0.0937378
0.037731 0.112627 0.145747
-0.0458968 -0.146766 0.116629
0.0607218 -0.150167 -0.0764441
0.104519 -0.0244336 -0.136011
-0.0188032 -0.186331 0.00509976
0.0520744 0.162028 0.0698513
-0.0528769 -0.053186 0.180387
-0.144667 -0.0175239 0.135112
-0.152985 0.0416853 0.119159
-0.154162 -0.0917932 0.082981
0.12722 0.0555826 0.117349
-0.19113 -0.0375424 -0.0195081
-0.0666517 0.078679 -0.151007
0.0155032 -0.150643 0.113624
-0.012105 -0.111245 0.15649
0.0291725 -0.119694 -0.129549
0.148973 0.0379422 -0.0782559
-0.0171685 -0.176494 0.0670687
0.0804916 -0.149947 -0.0546991
-0.0540472 0.178327 -0.0150925
0.166481 -0.0506045 -0.0135411
-0.107288 -0.0670751 0.151571
0.0916355 0.0187554 -0.14607
0.166918 -0.0531865 0.00359946
-0.134506 0.0820189 -0.103949
-0.0185648 -0.0820675 0.174006
0.16928 0.0414106 -0.00342041
-0.00883642 -0.0383681 0.189028
-0.112355 -0.154404 0.03258
-0.0814471 -0.128625 -0.107617
-0.101069 -0.0980429 0.137354
0.139646 0.0466055 -0.0900295
0.0801277 0.028241 0.166233
0.0209987 0.117009 0.146975
0.0321171 0.154542 0.0990469
-0.0574238 0.076253 0.169615
0.160745 -0.0675833 -0.0142055
-0.128009 0.122502 0.0819078
-0.121366 0.0669018 -0.125839
0.0141675 -0.0912531 0.167394
0.0531019 -0.0407732 0.176764
-0.153318 -0.11897 -0.00997101
0.0112999 -0.12235 -0.131305
-0.0480167 -0.0853161 0.168386
-0.0867466 -0.167465 0.0386901
0.0347112 0.130846 -0.11523
0.028443 -0.176967 -0.0361309
0.0275164 0.061105 0.177887
-0.0751275 -0.0954439 -0.139105
0.0406832 -0.176383 -0.0238634
-0.113463 0.130887 -0.0741356
0.0771256 -0.0168227 0.169756
0.079609 -0.126681 -0.0947009
0.113016 0.0015934 0.145208
-0.106533 0.000183324 0.166478
-0.189299 -0.030252 0.0502944
0.00511235 0.0368141 0.188271
0.00206234 -0.111522 -0.141209
0.165175 -0.0374212 0.052319
0.164849 0.0577288 0.000422109
0.149945 0.0628451 -0.0594204
0.129057 0.102462 0.0714263
0.0176267 -0.181802 -0.0226678
0.0513824 0.173858 0.0107375
-0.131478 0.108676 -0.0820395
0.0822637 -0.0496698 0.160053
0.129785 -0.0521984 0.116611
-0.141233 0.0475536 0.130478
-0.163776 -0.106046 -0.0026817
0.0583033 0.00472443 0.179295
-0.0964941 -0.0272176 0.169963
-0.0251386 0.0178194 -0.176899
-0.107754 -0.137268 0.0879921
0.165995 0.0255837 0.0559986
-0.195624 -0.0213434 0.00542694
-0.092617 -0.145272 0.0907228
-0.0587963 0.144958 -0.0972298
0.145943 -0.0595353 0.0868622
-0.10736 -0.159351 -0.00194804
0.151265 -0.0821073 0.0457269
0.0701422 0.0999608 0.140208
-0.0699888 0.134738 0.119496
0.153003 0.0318724 0.0874861
-0.170541 -0.093828 -0.0129592
0.084733 -0.15943 -0.00392939
0.0880887 -0.113442 -0.102015
0.0376658 -0.106684 -0.137247
0.147571 -0.0493854 -0.0758922
-0.10435 -0.129227 0.103656
0.0991308 0.0455525 -0.134664
-0.0830146 0.146271 -0.0801381
0.125685 -0.08336 0.101746
0.111972 -0.129732 0.0591607
0.0487258 0.149747 0.097702
-0.134307 0.0643229 0.129861
0.154861 -0.0308052 0.0847198
0.0647199 0.0769786 0.157705
-0.150886 -0.004554 -0.114875
-0.0538908 0.0136295 0.187294
0.116775 -0.12455 -0.0456491
-0.103332 0.138652 0.0877882
-0.0487663 -0.00284695 0.189004
-0.0460537 0.104786 -0.141316
0.0927833 -0.151178 0.0398801
-0.133242 -0.0114501 0.146657
0.0530513 -0.173799 0.0280644
0.173511 0.00703947 -0.00992636
0.1116 0.138334 0.00435317
0.138222 -0.106039 -0.0257201
-0.139632 0.0752355 0.117483
-0.0500306 -0.169173 0.0752208
-0.103203 -0.15995 -0.0187717
-0.149555 -0.119762 -0.0268789
-0.027468 -0.169442 -0.068751
-0.0366175 0.017485 0.190191
-0.0507501 -0.0850999 -0.153357
-0.0429495 0.127732 -0.122762
0.0844249 -0.145765 0.0730513
0.0242785 -0.166225 0.0838076
0.0885676 -0.00526113 0.163751
0.130355 -0.120815 0.000247172
0.0444207 0.16936 0.056091
0.138086 0.0512566 0.104547
-0.117346 -0.139112 -0.0565355
0.172924 -0.0186378 -0.00884686
-0.0907404 0.160536 -0.0381866
0.0937269 -0.134403 0.0822731
0.17224 -0.00626396 -0.0209744
-0.142507 -0.10214 0.0905846
-0.00662669 0.164439 -0.0770396
0.138435 -0.0822626 -0.0666347
-0.0165812 0.138499 -0.115223
-0.0468893 0.154253 0.102698
-0.01163 0.0413174 0.188006
-0.0712783 0.173595 -0.0126818
0.119901 -0.132342 0.00789637
0.0415001 0.0531912 -0.162341
-0.0446928 -0.0112829 -0.175021
-0.0433131 -0.0716152 -0.161326
-0.103192 0.0519794 -0.145029
0.174375 -0.0049132 0.00260537
-0.174962 -0.0198739 -0.0779471
-0.12196 -0.107365 0.111342
0.0276403 0.159474 -0.077826
0.0424021 0.117997 -0.124875
-0.0929004 0.111225 0.130548
0.0734961 -8.18708e-05 0.172445
-0.0315696 0.170451 -0.0611887
-0.0191673 0.161721 0.0964171
-0.00563034 -0.186141 0.0174105
0.0988172 0.0953981 0.121676
-0.0207475 0.0481954 -0.171511
-0.0149401 -0.00449297 0.192793
0.108273 0.0995815 0.107757
-0.145943 -0.125571 0.0343802
0.0558689 0.0899532 -0.140109
0.133096 0.00938513 0.123629
0.0844612 0.0524572 -0.142653
-0.118044 0.118954 -0.0858515
-0.167621 0.090153 0.0482667
-0.0330142 0.0781842 -0.159263
0.0620534 -0.0121074 0.177456
0.158581 0.0122482 -0.0667554
0.12757 -0.091112 -0.0768486
0.119257 -0.128191 -0.0280073
0.068833 -0.0725592 -0.14415
0.0891836 0.109889 0.117336
-0.0224872 -0.145018 -0.109162
-0.152785 -0.109435 0.0583211
0.0745262 0.107458 -0.116764
0.124191 0.0713203 -0.0972849
-0.16378 0.069485 -0.0715309
-0.108368 0.108483 0.121448
0.0291352 0.0841065 -0.152785
-0.098637 0.139302 -0.077304
-0.0087776 -0.124801 0.145425
-0.056105 0.174336 0.0488737
0.134359 -0.0330535 -0.103428
-0.171401 0.0573825 0.080582
-0.0395009 0.178422 0.0459982
-0.0986935 -0.163385 0.0268041
0.145421 0.0546956 -0.0755419
-0.0361988 0.135555 0.130586
0.164075 0.0451092 -0.0332326
0.0076379 -0.0143457 -0.17693
-0.131325 -0.0198038 -0.132944
0.116215 -0.0153266 -0.127015
-0.118048 0.0945932 0.125192
0.139467 0.0885839 0.0686273
0.136576 -0.00708691 0.119476
0.0921962 -0.0218001 0.160015
0.162775 -0.0533734 0.0453489
-0.0580337 0.177107 0.0312606
0.0887522 -0.149326 0.0566424
-0.123398 -0.148089 0.0207976
0.134385 0.086588 -0.0677587
0.145097 0.0985435 -0.00535504
-0.0261179 -0.0727976 -0.16322
-0.163907 0.0548467 -0.0822673
0.142643 0.0296518 -0.0921142
0.00950115 0.014982 -0.176539
-0.122438 -0.0398624 0.150596
-0.0777455 0.109086 -0.126644
0.160228 0.0290724 0.0719745
-0.159432 -0.0342864 -0.0992886
-0.0668619 0.121302 -0.120902
-0.0660552 -0.163323 0.0783262
0.138272 0.107391 0.0274322
-0.135489 0.121885 -0.0553777
0.112237 0.12661 0.0618232
0.156468 -0.0614302 -0.0446703
0.0470993 -0.136596 -0.105199
0.17018 0.0222915 0.0394969
-0.17151 0.0403034 -0.0766679
0.0105733 0.176705 0.0567125
-0.0301208 0.124673 0.14264
-0.0870984 0.100529 0.142901
0.04881 0.0830227 0.161587
-0.0638272 0.103849 -0.136668
0.00502749 -0.0268443 0.19033
-0.0744106 -0.169908 0.0506279
0.124494 0.125706 0.00146626
0.0762296 0.162045 0.0238704
0.129841 -0.118993 -0.0178078
-0.0163688 -0.0868675 -0.157174
0.15209 0.0823416 0.0369781
0.155804 -0.0394332 -0.0641493
-0.189537 -0.0487071 0.0257774
0.063802 -0.0101782 -0.162317
0.0211087 0.148717 0.112296
0.00442621 -0.152816 -0.0982435
0.0640014 0.00716012 -0.162293
-0.0931335 -0.125471 0.117745
0.044301 0.175216 0.0265066
-0.02756 -0.0127338 -0.177267
0.00058496 0.184328 0.0111503
0.122768 0.0427694 0.128149
0.121075 -0.0988214 0.0931593
0.0543023 0.139052 0.110159
-0.0244492 -0.0999501 -0.149161
-0.0499737 0.154831 -0.0860338
-0.142151 0.122079 -0.0393693
-0.170848 0.0697414 -0.0556994
-0.115567 0.148134 0.0439265
0.0798096 -0.00864613 -0.154378
-0.157957 0.0531612 0.107149
-0.0735215 -0.144739 0.106588
0.0585221 0.170752 -0.00475569
0.0127605 0.174068 -0.0499972
-0.121465 -0.0564914 0.14578
0.0284715 -0.171772 0.0679236
-0.0130518 0.123171 0.145314
-0.0413547 -0.02648 0.188594
-0.00879057 -0.0727811 -0.163867
0.0661213 -0.0999943 0.143854
0.0253528 0.180737 -0.00450529
-0.0622372 -0.170408 0.0629679
0.0788283 -0.0881996 0.144124
-0.148657 -0.0342912 -0.112874
0.0914861 0.147383 0.0512958
0.0985862 -0.138523 0.0661455
0.119702 0.130383 0.0174606
-0.0904575 0.149539 0.0816663
-0.172721 0.0296596 0.0933566
0.010425 0.182453 0.0267041
0.0161035 -0.177555 0.0572347
0.171883 0.0299248 0.00996043
0.144269 0.0124321 -0.0933757
0.123675 -0.0423776 -0.113406
0.104719 0.0941644 -0.102286
0.0579464 -0.0889113 0.155342
0.00734161 0.0603568 -0.167004
-0.161357 -0.0491358 -0.0905416
0.103594 0.127368 0.0768361
0.146557 0.0856338 0.053081
-0.138436 0.131168 0.0357903
-0.134099 -0.0453578 0.138999
0.0688672 0.163475 0.039507
-0.0738379 0.143782 0.105212
-0.044421 -0.168496 -0.0652301
-0.0648905 0.0299934 0.182213
0.157744 0.0542449 -0.0465414
-0.184701 -0.00974618 0.0724724
-0.0480946 0.0299531 0.18652
-0.101117 -0.0513169 -0.147078
0.161492 0.0551662 0.0461139
-0.066606 -0.0621867 0.173441
0.168695 0.00889042 0.0521646
0.0540522 0.158124 -0.0629129
-0.0915477 0.149797 -0.0654613
0.146266 0.086013 -0.0388699
-0.144443 -0.0510279 0.12629
0.118964 -0.0636887 0.123789
0.102978 -0.141027 0.0495588
0.0496825 -0.172142 0.0449926
0.147156 -0.0950596 -0.015703
-0.0622485 0.047443 0.179026
0.0725079 -0.119209 -0.108753
-0.123436 -0.0348032 -0.13661
0.148899 0.0612872 0.0777911
0.143333 0.00572978 0.109951
0.0177938 0.13444 -0.116471
-0.135846 0.136149 0.0185263
0.16299 0.0626685 0.0169417
0.0558139 0.16702 -0.0349578
-0.155455 -0.117625 0.00718358
-0.0410935 0.173739 0.0626175
0.138058 -0.0914523 0.0704187
-0.127352 0.121102 -0.0706696
-0.0320136 0.169912 0.076885
-0.082729 -0.106186 -0.127814
0.128374 -0.0196 0.12824
-0.115106 0.12693 0.0927531
0.0944542 -0.038316 0.155242
0.164045 -0.0140871 -0.0526674
0.0736221 0.042702 -0.152035
0.155965 -0.0664771 0.0544375
-0.144656 0.128068 0.00596741
-0.00242454 0.00750345 0.192473
-0.0638325 -0.0782526 0.167535
-0.119034 -0.0727011 0.140124
0.00755023 -0.128402 0.140828
-0.0250865 0.177785 0.0556147
-0.0423488 -0.180385 0.0427372
-0.0837423 -0.0810786 -0.143594
0.121727 0.0134768 0.136066
0.0694142 0.0167343 0.173545
0.13132 -0.0511975 -0.100584
0.0256453 0.121912 -0.127005
0.139243 -0.0399369 0.108803
0.168426 0.0111196 -0.0382047
-0.188447 0.00952917 -0.0466993
0.104626 0.132592 -0.0496548
-0.00650055 -0.0550059 0.18474
0.0305552 0.0413093 -0.168641
0.104848 0.138258 -0.0332689
-0.118904 -0.123071 -0.0817051
0.0378991 0.0264082 0.184179
0.0201123 0.167475 -0.0644098
-0.000422401 0.0540016 0.184244
0.0875146 -0.129103 0.0982439
0.0945289 -0.143624 -0.0467219
0.0261172 -0.064281 0.177679
0.0157587 0.112229 -0.137452
-0.0245277 0.145116 0.121093
-0.125636 0.114003 0.0975143
-0.149314 0.118521 0.0405199
-0.121168 0.0402154 0.150986
0.118076 0.121986 -0.0443419
-0.1785 -0.0386273 0.0781118
-0.0971313 -0.124011 -0.101841
0.0596278 0.050009 0.171127
0.0269538 0.10344 0.155978
0.0452537 -0.1692 0.0614967
0.127199 -0.0683937 -0.0964762
0.0304426 -0.00254432 0.188141
0.108373 -0.10847 0.0999581
-0.0978036 0.0372443 -0.152414
0.170888 -0.036585 0.00055231
-0.0761562 0.113217 0.138434
0.0707982 -0.138854 -0.0860482
0.173352 -0.0212633 0.00828733
-0.159649 -0.0786373 -0.0724714
0.0151012 0.129609 0.136625
0.152181 0.00341597 -0.0808542
0.0151817 0.158264 0.0990901
-0.0697766 -0.0279769 0.181267
-0.0577198 -0.151685 0.104938
-0.0638313 0.0895665 0.160538
0.115114 -0.0766569 -0.105767
0.0832003 0.158973 0.00829375
0.00297747 0.170049 -0.0637376
0.000688138 0.137262 -0.11617
-0.0611138 0.177769 0.000733082
0.169393 -0.0428414 0.0172929
-0.14779 0.110159 -0.0515157
-0.1451 -0.104269 -0.0690529
0.0484211 0.120398 0.134521
0.0746309 0.146022 0.0815269
-0.0214295 -0.133182 0.137037
-0.0610468 -0.166176 -0.0608876
0.146065 -0.0107915 0.105441
0.0639106 -0.145792 0.0956919
-0.155167 0.0691883 -0.0865768
0.0476827 -0.170826 -0.038722
0.113644 0.134045 0.0332894
-0.110143 -0.157701 0.0150877
0.0617535 -0.163251 -0.0454513
-0.173804 0.0665047 0.0660332
0.160026 0.0681333 -0.0125832
-0.00509374 -0.144541 -0.110142
0.144208 0.0787978 -0.0557804
0.0848879 0.0562314 0.155474
-0.0253291 -0.0330374 0.189509
0.125318 0.113858 0.0589024
-0.0773338 -0.162157 -0.0565009
0.104474 0.0108633 -0.137494
0.0185439 0.0727681 -0.160532
-0.0379428 0.0491364 -0.169488
0.0435515 0.138521 -0.102438
0.0570797 -0.170759 -0.0234473
-0.0659759 0.164696 -0.0562594
-0.176477 0.040801 0.0806122
0.168891 0.0354155 -0.0196865
0.151286 0.0208396 -0.079932
0.0216349 0.0778049 0.172138
-0.0250533 -0.11997 0.148948
0.151361 0.0888269 0.00757212
0.103772 0.034791 0.148587
-0.175085 -0.0665311 -0.0499224
0.083023 -0.100368 0.132506
0.0790277 0.0685935 -0.139374
-0.0682863 -0.0455703 0.178105
0.0942384 -0.104183 0.119844
-0.179837 0.0765571 0.00618057
0.136015 0.00359194 -0.1058
0.0197381 -0.159177 0.0991356
0.114571 -0.0336762 -0.125325
0.0801445 0.158091 -0.0219016
-0.00201253 0.160448 0.0985965
0.0973129 0.0861088 -0.115738
-0.0414085 -0.114534 0.15085
0.0858277 -0.133346 -0.0793824
-0.0141228 -0.13478 -0.121272
-0.0637601 -0.151167 -0.0881503
-0.00104211 -0.0581519 -0.169029
0.0933546 -0.0859123 0.134937
-0.109444 -0.0061385 -0.150121
-0.175 0.081805 0.0349806
0.151909 -0.0139184 -0.0804973
0.133432 -0.0756292 -0.0820038
0.0151531 0.180825 -0.0200774
0.0159215 0.093409 0.164828
0.124299 0.029441 -0.116005
0.103017 0.144537 -0.00937648
-0.158493 -0.0768869 0.0907102
0.11431 0.0846 0.114062
0.0471113 -0.116071 -0.126142
-0.0414557 0.145451 0.117353
0.125028 0.0714122 0.11062
-0.193048 0.0233892 -0.0206225
0.1207 -0.105779 -0.070656
0.0645877 0.0335216 0.173187
0.107366 -0.136578 -0.0374367
0.0362625 0.0243985 -0.170429
-0.0337735 0.138721 -0.11298
0.0625083 -0.0879338 -0.139219
-0.0010478 0.0969689 0.164659
0.107477 -0.126259 0.0755435
0.00772825 -0.166469 0.0889735
-0.0335598 -0.140736 0.127217
-0.00210343 -0.186156 0.000432339
0.121004 0.091698 0.0990147
-0.11792 -0.151325 -0.0132535
-0.18726 0.0523134 -0.0174186
0.142393 -0.0876616 -0.0506389
0.139327 -0.109539 0.00989103
-0.0319173 0.0335086 -0.173974
0.00525175 0.179078 -0.0351928
0.10228 -0.10688 -0.0945103
0.0626885 0.0317804 -0.159898
-0.12832 0.0524323 0.140972
0.0983059 0.128459 -0.0685643
0.0620025 -0.164749 0.0546994
-0.0667298 0.151378 -0.0832116
0.111573 0.120869 -0.0603768
-0.195181 -0.0195227 0.0226649
0.135246 -0.108832 0.0442817
0.0674744 0.167252 0.00967627
0.13255 -0.0877017 0.0864264
0.0138853 -0.160088 -0.0848494
-0.0767194 -0.0681924 -0.152828
0.069003 -0.167749 0.0209088
-0.0120289 0.180061 -0.034158
0.139502 0.0223294 0.113181
0.0538998 0.0214945 0.179652
0.0109222 0.0660132 0.178983
0.0418342 -0.0685934 0.171756
0.101817 0.116621 -0.0815705
-0.07969 -0.0702217 0.165197
-0.196314 -0.00691741 -0.00417161
0.153493 -0.0839036 0.0286253
0.160824 -0.0340277 0.068757
-0.0545266 -0.160558 -0.076872
-0.0423173 0.0186462 -0.174693
0.115732 -0.131745 0.042351
0.0385195 -0.147653 -0.094962
-0.126264 0.142712 0.0314022
0.057128 -0.0294031 -0.16299
0.103122 -0.0101687 0.153233
-0.109181 -0.0359807 -0.146415
0.0724668 -0.0241608 -0.156834
-0.183287 0.00712414 0.076221
0.159551 -0.00134852 0.0801727
0.024409 0.0572027 -0.165431
0.155319 0.0454082 0.0750893
0.0439374 -0.140414 0.11657
-0.0715005 -0.174345 0.0341202
0.107822 -0.0430342 0.143355
-0.0591762 0.0199127 -0.170842
0.137647 0.107076 -0.018483
0.0605842 0.169351 0.0254495
0.00821338 0.183361 -0.00439091
0.0700505 0.132068 0.108179
0.0623098 -0.0455862 -0.157256
-0.0475871 0.12509 0.138618
-0.18965 -0.0140325 0.0564148
0.16987 -0.00783775 0.0477549
0.168215 0.0465508 0.0132433
