1592
-0.0111435 -0.000880469 0.00724647
0.0618736
-0.00252923 -0.187691 -0.050606
0.08354 0.0856417 -0.130043
0.0999717 -0.0879479 0.150097
0.175932 -0.0478442 0.115468
0.0780937 0.180553 0.112525
-0.111625 0.079248 0.195087
-0.138809 -0.088115 -0.128008
-0.127834 -0.155929 -0.0186874
-0.214722 0.085403 -0.0505825
-0.0653836 0.129225 0.208208
-0.0987294 -0.115097 0.17385
0.167421 -0.0195515 0.00367596
-0.112737 0.0500257 0.215598
-0.165672 0.0263824 -0.0973543
0.123233 -0.0204888 0.0204756
0.0921339 -0.133034 -0.170274
-0.0622516 0.161116 0.0484738
0.150997 0.155708 0.0295323
-0.145992 -0.0344163 -0.0901654
0.0667104 0.132017 0.0838818
0.0879566 0.0492248 -0.213689
-0.0570261 0.171259 0.0740923
0.070395 -0.127461 0.0668624
-0.0563937 0.223568 -0.0331794
-0.135206 0.0700871 0.03135
0.225632 -0.0193248 0.0618903
-0.214414 0.0122122 0.0739962
-0.184678 -0.0760006 0.0331155
0.134953 0.0566397 -0.0269528
-0.180458 -0.075857 0.140028
0.135601 -0.00240896 0.0289686
0.0562486 -0.0542195 0.133326
0.150116 -0.0105172 0.118522
-0.0591968 0.0837465 -0.141496
-0.0362569 0.00928286 0.157583
0.192844 0.0728965 -0.00458743
0.0589391 -0.057966 -0.171434
-0.249495 0.00850454 -0.0442178
0.0620791 -0.16266 0.0274411
-0.0307812 0.179457 -0.0846849
0.208843 0.0710064 -0.0491772
0.13479 -0.0634175 0.0610176
0.059178 -0.0338187 0.241359
0.0475858 0.175088 0.0910194
-0.0805506 -0.0247794 0.171691
-0.18433 0.0773508 0.146026
-0.148579 0.0877446 0.151002
0.100881 0.131242 0.0963444
-0.218927 0.0532843 -0.0995969
-0.00431439 -0.0438189 0.222916
-0.116914 -0.0138754 0.136607
0.117613 -0.0121048 0.157949
-0.0372029 -0.175108 -0.0681032
-0.195031 -0.0124523 0.134768
0.0246265 -0.225086 0.0755981
0.162458 0.0758371 -0.0593947
0.16046 0.113089 -0.101878
-0.212883 0.0518761 -0.0403386
-0.00489781 -0.164197 -0.114524
-0.122485 0.0204057 -0.206587
-0.0410959 0.0413365 0.21118
-0.0627193 -0.0844083 -0.139145
-0.0091119 -0.0238203 0.152478
-0.119921 -0.203259 -0.0653894
-0.127765 -0.0780407 -0.15681
0.106792 -0.192533 0.0941179
-0.00943493 -0.197544 0.102728
-0.0846963 -0.152719 -0.0486292
-0.133019 -0.127556 0.132276
0.0381038 0.171817 -0.0134949
0.100825 0.120451 -0.149872
0.139727 -0.0929275 -0.0864306
-0.0690808 -0.0710611 0.134403
0.174351 -0.119031 -0.0884851
-0.230175 0.0764687 -0.0170478
-0.145899 0.0478373 -0.175649
0.112695 -0.0476028 -0.0485449
-0.0724396 -0.0725612 -0.191864
-0.174006 -0.0633206 -0.0369066
-0.0391884 0.13505 -0.092778
0.0421676 -0.0999932 -0.142647
-0.202991 -0.128344 0.0464299
-0.230541 -0.102467 0.0125186
-0.182251 0.0332431 0.128189
-0.18105 0.0614063 0.0936959
-0.194747 -0.0718726 0.0996154
-0.196019 -0.0403034 0.0457026
-0.0458854 -0.141515 0.161957
0.197424 -0.0387734 0.115054
0.115972 -0.0953637 -0.0843526
-0.17436 -0.087568 0.0560111
-0.0387609 -0.028535 -0.136989
-0.0482254 0.0959058 0.179521
-0.0708461 0.154488 0.0571035
0.0399438 -0.134942 -0.168757
-0.200207 -0.0248006 0.0311687
0.090532 0.0862165 -0.151539
-0.0571725 0.152772 -0.132886
-0.140861 -0.199268 0.0527937
-0.027386 0.0479872 -0.117745
-0.0773227 0.165053 0.0390009
0.182644 -0.0189556 0.130032
0.00330551 0.159645 0.0436174
0.0219824 -0.0222527 -0.126964
0.170523 -0.0955232 0.129277
0.129738 -0.00778639 -0.101332
-0.0433953 -0.23436 -0.0626211
-0.0619534 0.127212 -0.182568
0.123794 -0.0351863 0.159605
0.0212028 0.19362 -0.104068
-0.112868 -0.062128 -0.172151
0.0212403 0.11293 -0.142845
0.0948652 -0.155687 0.0302852
-0.0208408 -0.123799 -0.197051
-0.117074 -0.206631 0.0404391
-0.158042 -0.0421697 -0.181745
0.089902 0.158918 -0.107804
-0.163032 0.071888 -0.145689
0.0630295 -0.103019 -0.178752
0.0594359 -0.208728 0.0982749
-0.229826 -0.071457 0.0952541
-0.117355 0.150345 -0.0795014
-0.0323129 0.0686238 -0.180612
0.0139809 -0.211233 0.0550901
-0.177839 -0.0756935 -0.0935403
0.141961 -0.121894 0.142965
-0.220612 0.0493412 0.0335994
-0.136616 -0.0180868 -0.138852
-0.0432043 0.156676 -0.11131
-0.155554 -0.164914 0.0372153
0.135356 0.144539 -0.0830891
0.0150238 -0.234945 -0.0222263
0.204781 0.0672053 -0.0489301
-0.0326437 0.0811457 -0.183105
0.0682308 -0.0883574 0.222538
0.0821063 0.0879016 -0.120595
-0.172083 0.0938872 -0.128763
-0.142642 0.0883368 0.00260646
-0.0768352 -0.149869 -0.0514252
0.014718 -0.049442 -0.170605
-0.0889981 0.0675437 -0.175662
0.17266 0.0888868 -0.0505232
-0.160505 -0.076557 0.0408863
-0.0462461 0.112112 0.172243
-0.0648361 0.128672 -0.193718
0.0229211 0.069853 -0.175765
0.0195008 0.145839 0.0215432
-0.0908996 0.0704234 0.176732
-0.132623 0.153071 0.0183998
-0.143927 -0.189241 -0.0229247
-0.0851498 -0.0164482 -0.167907
-0.00673256 0.197632 0.0398028
0.156254 -0.0137215 -0.172512
-0.195117 -0.0575021 0.0489578
-0.081744 0.220701 0.0653143
-0.140957 -0.0806621 0.172553
-0.0325253 0.158399 -0.134129
-0.216269 -0.0851191 -0.0887875
-0.137934 -0.0319206 0.211763
0.113176 0.127972 -0.0895105
0.0599049 -0.134733 -0.0337169
0.142914 0.0268287 0.127846
-0.0980251 -0.153015 0.160067
-0.171007 -0.109476 0.116832
0.135311 0.157643 0.0907046
0.123005 -0.00313843 -0.139191
0.0199165 -0.230239 -0.0406384
-0.00610856 -0.132331 -0.0116387
-0.0313472 0.0585346 0.143637
0.136712 0.0700259 0.145796
0.030738 0.140421 -0.0995425
0.0334858 -0.211291 -0.0263708
-0.109094 -0.125788 0.144194
0.0474299 -0.193611 0.017663
0.0933328 -0.157075 -0.146622
-0.137873 0.0989869 -0.1772
-0.0771255 -0.17663 -0.123446
0.0956695 -0.141168 0.0884796
-0.0563223 0.216974 0.027491
0.100238 -0.216863 -0.00733374
-0.0895938 0.126829 0.0200033
0.0813977 0.108825 -0.11794
-0.0881325 -0.0678174 0.142771
0.219059 0.0143623 0.0093877
0.122038 0.137253 -0.0454713
0.0147732 0.164768 0.140895
-0.0647915 -0.189835 -0.0477089
0.131884 -0.0659464 0.159151
0.222044 -0.0368878 -0.0561309
0.1098 0.133877 0.126119
0.0211969 0.225248 0.0762979
-0.0269556 -0.065342 -0.212838
-0.0765215 0.149407 -0.101967
0.184349 0.0274261 0.0499083
-0.0406864 -0.141303 0.148864
-0.0675647 -0.00604614 0.169252
0.0768349 0.125962 0.121162
-0.150778 0.116814 0.105585
0.120777 0.016623 0.154351
0.153666 0.071944 0.163578
0.0365091 -0.149524 0.181494
0.112979 -0.0476912 -0.121168
-0.173171 0.177305 0.00320964
0.116389 -0.0215919 -0.0336819
0.163316 -0.158745 0.0439358
0.00577484 0.00672801 -0.12789
-0.135398 0.133585 0.128717
0.144186 0.145142 -0.0693936
0.0799515 0.136309 0.142807
-0.109515 -0.140649 -0.023548
-0.00124516 0.00403744 0.185188
0.0365523 -0.191721 0.0887901
-0.019087 0.0320984 0.199318
0.0886251 0.15462 -0.00186307
-0.215551 -0.0832503 0.0483312
0.0353799 -0.139295 -0.107544
-0.00935309 0.136335 -0.0968111
0.0893877 0.124958 -0.0649179
-0.0931901 -0.136603 -0.073313
-0.00797775 0.214028 0.0696446
0.167997 0.0666703 0.108206
0.0219902 0.191709 -0.0187762
-0.136923 -0.0373877 0.0324637
0.067614 0.179813 -0.0663603
-0.144593 0.0198355 0.184354
-0.0933469 0.112262 0.198174
0.177004 -0.0094074 -0.042005
0.0885939 -0.167338 0.0128879
0.0254535 -0.184919 0.0395441
0.118613 0.169299 -0.0306106
0.033822 0.136322 0.124156
-0.0871778 0.0596652 0.213785
0.0687045 -0.13411 0.162198
-0.0991718 0.129336 0.0599655
0.0443845 -0.0398977 0.168825
0.160229 0.0787051 -0.0970927
0.0587247 -0.182219 0.11371
0.0902888 0.136743 -0.0139461
0.119452 -0.0972934 0.0216191
0.0149847 -0.0104579 0.214537
-0.0923775 0.193936 0.0258911
0.060522 -0.0789333 -0.140341
0.097657 -0.092051 0.136005
0.0456474 -0.131225 0.0715791
-0.237078 0.0294236 0.0913116
0.147441 -0.121587 0.151578
0.133641 -0.0597505 -0.0549723
0.0334654 0.130771 0.0999485
0.137287 -0.12405 0.0300979
0.0389328 -0.182238 0.139431
-0.165256 0.0847261 0.0642209
0.124121 -0.151015 0.00286613
0.0994776 0.0506728 0.14967
0.0489519 -0.182563 -0.139738
0.129805 -0.0691392 0.108001
0.0765676 -0.131782 -0.0219003
0.136884 0.03113 -0.090454
-0.135868 0.0107773 0.183811
0.16899 -0.0105916 -0.151602
-0.0215392 -0.137189 0.169797
0.152642 0.00752603 0.0462115
-0.106563 -0.178262 0.08381
0.117112 -0.0582464 0.178915
0.0557556 0.0492458 -0.157112
-0.232239 0.0305482 -0.0992303
-0.144791 -0.0620755 0.0349239
0.142314 0.122743 -0.104019
-0.047148 0.15665 0.128705
-0.0793458 0.120595 -0.195908
0.204998 0.0141095 0.0594769
0.158392 -0.0967137 0.0717694
-0.079457 0.0196819 0.154856
-0.0404813 -0.0937722 0.174841
0.0476557 -0.135311 0.120119
-0.0564327 0.100574 0.171266
0.00600054 0.209855 0.13488
0.0450962 0.13078 0.0927194
0.0264351 -0.203563 -0.0240758
-0.141033 0.196708 0.00857551
-0.0475184 0.0739544 -0.219727
0.0104612 0.0275606 0.180637
-0.0539223 0.0104153 -0.197656
-0.0700453 -0.197418 0.0183746
-0.0383965 0.0962159 -0.161933
-0.00303146 -0.160558 0.0712595
-0.191381 -0.111314 -0.0927181
-0.0525226 -0.112542 -0.187429
-0.0904391 0.200947 -0.083989
-0.133206 -0.0169717 0.143591
-0.227318 -0.0208268 -0.0307771
-0.0409053 0.130789 0.19639
-0.214829 0.0123066 0.0409703
-0.0172605 0.0572631 0.228654
0.0493924 -0.0801937 -0.16748
0.0324757 -0.00328711 -0.232251
-0.0302948 -0.204706 0.0881281
-0.0772104 0.0447724 -0.168757
-0.0787352 -0.199476 0.129079
0.0785413 0.101722 -0.191722
0.118843 -0.16599 -0.0602342
0.200507 0.0523581 0.107425
-0.00878398 -0.0145501 0.250096
0.00832178 0.157602 0.175555
-0.0625024 0.205293 -0.102269
-0.0580124 -0.0655206 0.224903
0.0633745 0.0416884 -0.1427
0.123059 0.117168 0.16172
-0.14842 0.0602415 -0.0743878
-0.159712 -0.0619111 0.0917236
-0.10727 -0.101583 -0.148097
0.10496 0.162514 0.00197361
0.13515 0.114051 -0.0712468
0.193407 -0.0482424 0.0491539
0.189049 0.0880445 -0.0463766
-0.243849 -0.0303844 0.0271781
0.220785 -0.00280414 0.00325594
-0.0562502 0.125564 -0.112713
0.163663 0.111457 0.122758
0.0880594 -0.125031 0.12422
0.00197852 0.0220213 -0.150314
-0.145118 -0.0679575 0.175789
0.187579 -0.0428655 -0.00465242
0.110891 0.127322 0.0883663
-0.0518146 0.041864 0.217161
0.0349699 -0.160018 0.0859178
0.0905295 -0.151266 -0.0835654
0.0883339 0.061662 0.219416
-0.02065 0.0153333 -0.179485
0.208117 0.0520348 -0.0686175
0.180854 0.116052 0.00191863
-0.231828 -0.0277681 0.0209947
0.00256835 -0.14084 0.0992487
0.191184 0.124747 0.0513036
0.138331 0.0701531 -0.00181454
0.176032 -0.0627466 0.00406441
0.0427 0.0312 -0.193646
0.0571751 0.0688727 -0.139517
-0.0230238 -0.139125 -0.118556
0.0365033 0.185271 0.0373119
0.123385 -0.139539 0.0123913
-0.20687 0.104026 0.0832959
-0.024125 0.0269205 0.248718
0.12414 0.17152 -0.0343995
-0.0411965 0.144917 -0.000205693
0.117652 -0.0123918 0.167524
-0.120123 -0.0264923 0.208355
0.0333684 0.093097 0.216558
0.201959 -0.0565004 0.114689
-0.133771 0.152401 0.128507
-0.149287 -0.146731 0.0370467
0.171075 0.0529842 -0.00582554
-0.0598915 0.146746 0.0917856
-0.0449454 -0.161213 -0.0212775
-0.0231912 -0.0882145 -0.12271
-0.19176 -0.0353843 -0.0063331
-0.111057 -0.00805191 0.142736
0.039193 -0.0934564 0.224322
0.00228078 0.207753 0.0575044
0.0254839 -0.169142 0.151302
-0.0155682 -0.0837401 0.207027
-0.168909 -0.0665426 -0.142056
-0.181663 -0.112973 0.01072
-0.167951 0.128576 -0.118612
0.119924 -0.0415824 -0.144125
0.14804 -0.159934 0.0132854
0.205719 0.107363 -0.0275938
-0.040256 -0.229592 0.0552579
-0.172496 0.14161 0.115651
-0.0516727 0.00947875 -0.133157
-0.00606502 -0.229643 -0.00865038
-0.165757 0.00589106 -0.166505
0.0304342 0.0730679 0.161449
-0.120221 0.0684392 -0.167305
-0.0686348 -0.00568759 0.190049
-0.0924871 -0.176737 0.090348
-0.168347 0.111382 0.150493
0.00515941 -0.167817 0.15576
-0.17535 -0.0674885 0.161589
-0.0710295 0.230114 -0.0325202
-0.216872 -0.0891959 -0.00356798
0.0921487 -0.0374931 0.18033
-0.153121 -0.0145918 -0.12845
0.0123246 0.0121592 -0.207398
0.0794291 -0.167072 -0.0959639
-0.0553492 0.178942 0.123319
-0.213418 0.0137003 0.0175011
0.0378723 -0.138721 0.0671036
-0.159243 0.0660307 0.0645512
0.190369 0.0952322 0.0621799
0.0384258 -0.240633 0.0152684
-0.163393 -0.0889376 0.0537779
-0.0413865 0.128979 0.0667369
-0.209528 -0.120454 -0.0311161
-0.0795953 -0.142341 -0.129088
-0.174898 0.139114 0.0930263
0.173988 -0.115602 -0.091909
-0.170098 -0.139522 -0.0632662
-0.160297 -0.0423722 -0.14049
0.11513 -0.0376694 0.00849034
0.0620109 -0.128939 -0.167841
0.146398 0.0200204 0.157149
0.0901388 0.111209 -0.154153
-0.195401 0.132528 0.0333223
-0.164913 -0.162904 -0.0841623
-0.17314 0.0108116 0.0798911
0.0988183 0.0847794 0.145675
0.0164903 0.148967 0.0410324
-0.223458 0.0580078 -0.0981635
0.112048 -0.101872 0.187454
0.139935 -0.0825747 -0.166153
-0.131629 -0.0937834 0.164527
0.159791 -0.0635411 -0.0432023
-0.0256864 -0.187193 -0.149473
0.0329728 -0.221092 0.0625278
-0.158851 0.0415161 -0.0694714
0.175724 0.0393389 0.104297
0.165583 -0.0827697 0.156125
0.0903537 0.218081 -0.00835928
-0.183014 -0.0946694 -0.111492
-0.179481 0.131278 -0.0161619
-0.0169222 -0.0247807 0.251916
0.0169463 0.203167 -0.0718817
0.158953 0.118232 0.0771583
-0.0020205 -0.135202 0.0952989
0.0517081 0.222758 -0.0696361
0.0732641 0.152548 0.158453
0.00506279 0.209344 -0.0676738
0.0738321 -0.190067 0.125196
0.0175903 -0.189539 -0.0382868
0.0234127 -0.0161748 -0.11982
0.0169412 -0.00368144 -0.232616
0.00509657 -0.00663151 0.165738
-0.0463192 0.20012 0.134719
0.0406444 0.173734 -0.15397
0.171419 -0.0706634 -0.119349
-0.100614 0.0467601 -0.158197
-0.0106058 0.209157 0.0421363
-0.0465437 0.204158 -0.110837
0.119664 -0.0217819 -0.143992
0.113378 -0.06888 0.01734
-0.211158 0.0250558 -0.0373825
-0.0729246 0.165108 0.124958
-0.00349412 0.232978 0.0811377
-0.0507384 -0.148849 0.0352395
0.0246534 0.019772 0.136824
0.104132 -0.145685 -0.0246212
0.112974 0.0905683 0.0300052
-0.138519 0.0739523 -0.124406
0.0856493 -0.014004 0.229255
-0.228847 0.0244931 -0.0214245
0.0493071 -0.159968 -0.077696
0.171137 -0.118486 -0.0591809
0.0604722 -0.0400908 0.235561
0.151713 -0.0738 -0.0322651
0.0778645 0.146419 -0.113657
0.0601655 -0.0124665 -0.120307
-0.08715 0.0648481 0.195193
0.13626 0.0632766 -0.0389435
-0.17187 0.00411352 -0.114536
-0.121408 -0.136806 -0.00426191
0.136187 0.0450056 -0.0817817
-0.226168 0.103669 -0.0039099
0.0391248 -0.0531962 0.181242
0.0282439 -0.125806 0.0607946
-0.0774976 -0.143631 0.12881
0.0321251 -0.0666899 -0.17706
-0.189953 -0.0488427 0.057565
-0.233307 0.0595734 0.0520788
0.0630236 -0.156109 -0.124356
-0.0831243 -0.169391 -0.0273664
0.0504465 -0.213364 -0.0207696
0.00788679 0.181923 -0.0975219
0.173332 -0.105647 0.0277757
-0.0909635 -0.0614406 -0.129456
0.141023 -0.0977751 0.153516
0.00784595 0.0875826 -0.175246
-0.166819 0.0884149 0.15304
0.214342 -0.084641 0.0307625
0.0317424 0.0272299 -0.143896
0.114278 0.0950775 -0.0423611
0.0321918 -0.139951 0.0830842
-0.100049 -0.151595 -0.13012
0.0745788 -0.135711 -0.0607992
0.148857 0.0781651 0.0831487
-0.164315 -0.011655 -0.145611
-0.0220265 0.0864241 -0.200122
-0.00269391 0.0906541 0.158682
0.166502 -0.116306 0.0576561
0.220716 -0.0738403 0.00701358
-0.0459361 0.086167 0.230104
-0.11588 -0.0588562 -0.194068
-0.0967932 0.180205 0.0315982
-0.00724192 0.184848 -0.0301502
0.0244733 -0.0635449 -0.210078
-0.0301063 -0.0230169 -0.17384
0.126924 -0.107146 -0.0885732
-0.0639801 0.123084 0.0969001
-0.101455 0.115518 0.171303
-0.0772049 -0.0839075 -0.151938
0.115484 0.039732 -0.112132
0.126547 0.108081 -0.153198
0.0613407 -0.0997791 0.171533
-0.108915 -0.12175 -0.136448
0.183504 -0.0213532 0.069844
-0.145624 0.186367 0.0165654
0.0495248 0.0541545 -0.221429
-0.0298099 -0.161194 -0.16026
0.110786 -0.152757 -0.143166
-0.00478374 -0.145168 -0.0390586
0.21502 0.00508924 0.0502532
0.0354814 -0.0880905 0.159806
0.18712 0.0383547 0.0591929
0.0658633 0.0417719 -0.183357
-0.177987 -0.0558892 -0.0968025
0.161123 0.167287 -0.0393322
0.0931311 -0.096221 -0.181904
-0.180092 -0.142669 -0.0759623
-0.174481 0.00525292 0.0809311
0.0214212 0.118407 -0.177757
-0.0577421 -0.224437 -0.0856337
-0.102913 0.0741625 0.158466
0.00455597 -0.0952137 0.146127
0.0657127 -0.171311 0.162283
-0.0611476 -0.124915 -0.137707
0.145811 -0.093178 -0.0846524
0.0183206 0.186941 0.0232445
-0.181797 0.0236231 0.150479
0.0136522 -0.136093 -0.00353042
0.174233 -0.0499488 -0.0907169
0.168475 0.103763 -0.0692337
-0.00861268 -0.125837 -0.0708393
-0.0696861 -0.0996188 0.147362
0.0935849 0.176165 0.102084
0.0335676 0.109888 0.187382
-0.0637953 0.209914 0.119213
-0.156342 -0.14137 0.0884381
0.0609389 -0.119606 0.164942
0.0470959 -0.103786 -0.19697
0.0194145 -0.188477 0.141451
-0.00111605 -0.0146703 -0.196056
-0.146033 -0.0956648 -0.00629012
-0.137467 -0.119579 0.097402
-0.133563 -0.0756599 0.207813
-0.0424102 0.14542 0.164784
0.152524 -0.171049 0.000508597
0.152334 0.160477 0.0390146
-0.0645475 -0.138339 0.0602902
0.148961 -0.0703496 0.176436
-0.0748899 0.0704023 0.192961
0.134738 -0.000896896 0.085438
-0.147444 -0.121712 0.0470488
0.151608 -0.00647042 0.00631033
-0.136774 0.165372 0.00274497
0.12945 -0.138007 -0.121426
0.0314674 -0.104344 -0.213305
0.121531 0.0538214 -0.0496563
-0.151546 -0.176712 -0.0895036
-0.0827668 0.117286 -0.131139
0.0225892 0.137166 0.134081
-0.0204503 -0.104663 -0.148138
-0.12392 0.0458991 0.204455
-0.134797 -0.0778469 -0.160047
-0.111129 -0.0460804 0.193941
-0.147235 -0.0270947 -0.0130258
0.051607 0.13302 -0.0577514
-0.135626 -0.0415881 -0.109404
-0.0770444 -0.11195 -0.124351
0.172482 0.0107798 -0.0640602
0.0859006 0.217592 -0.0399868
-0.165876 0.0518999 -0.0560219
0.133426 -0.166244 0.0219114
0.227277 -0.0577681 0.0237916
-0.228142 -0.0658563 -0.0106678
-0.0469952 -0.13314 -0.18793
-0.155263 -0.10732 0.130355
0.141847 -0.128616 -0.0734504
0.0914757 -0.159484 -0.132732
-0.0797963 0.13339 -0.0740162
0.0433427 0.0461241 0.163796
0.142759 0.174282 0.0846824
-0.136998 0.167105 0.111714
-0.115803 -0.125998 0.138663
0.00736151 -0.0834756 -0.219534
0.0348326 0.160177 0.0188213
-0.0666876 0.0318305 -0.141182
-0.187654 0.00809317 0.0784579
0.0486608 0.0580424 0.171919
-0.000826229 -0.103031 0.133757
-0.0961709 0.180502 -0.0322428
0.0735768 -0.128236 -0.0442601
-0.135628 0.067547 0.156893
-0.0852953 -0.0692868 -0.158863
-0.0477669 0.201536 -0.00259847
-0.00232048 0.113028 -0.177274
0.132286 -0.114347 -0.10368
0.0384866 -0.060751 -0.216723
-0.0243922 0.172496 0.0391163
-0.162433 0.0177446 -0.0829693
0.183224 -0.0828292 -0.103589
0.00853445 0.193013 0.145594
-0.0389622 -0.142617 0.138134
0.164445 0.090664 0.0878134
-0.187265 0.131715 -0.0229363
-0.135889 -0.0111265 0.169235
-0.144176 -0.13519 0.0812969
-0.179822 0.117585 -0.0234019
0.119847 0.0605413 -0.145424
0.0901338 -0.149963 -0.0866252
-0.0792936 -0.153415 -0.0721701
-0.0735567 0.159005 -0.170309
0.194922 -0.0702477 -0.060921
0.163839 -0.154283 0.0025239
0.144232 0.072707 -0.144992
-0.145178 0.0109663 -0.10564
-0.0130827 -0.126563 0.0677298
-0.139991 -0.115409 -0.150522
0.216387 0.00747954 0.096381
0.0147621 -0.126365 -0.148454
-0.0774642 -0.200878 -0.0305429
0.146605 -0.0377983 0.00447967
-0.0744833 0.0740609 -0.147333
0.034263 0.164316 -0.163228
-0.185435 -0.13112 0.00426465
-0.177502 0.0908522 -0.0571219
0.100278 0.194137 -0.0399207
-0.0113194 -0.159754 0.095105
0.0497072 -0.0999736 -0.131805
-0.0825632 0.0505232 -0.195624
0.0508111 0.134402 -0.093837
0.221712 0.011621 0.00467284
0.117244 0.13468 0.0906613
-0.161418 0.054324 0.123871
0.046588 -0.0203671 0.196855
0.111524 -0.06732 -0.126297
-0.217847 0.0144396 0.124823
0.0210595 0.098224 0.184526
-0.127344 0.0477767 -0.122878
0.208863 0.0559181 0.075479
-0.0380249 -0.0711902 0.165433
0.0603152 0.143297 0.180729
-0.07914 -0.114279 0.153467
0.0423082 -0.138087 0.118081
-0.146107 -0.115786 -0.0832712
0.136766 -0.0550542 -0.133523
-0.10116 -0.16741 -0.0917863
0.00134143 -0.0619024 0.189288
-0.0788212 -0.188668 0.0658909
0.037913 -0.106369 0.192681
0.0124454 -0.221628 0.0128965
-0.00461678 0.0293263 0.193111
-0.0532888 0.0965341 0.166261
-0.0490819 0.150454 0.0458737
0.125817 0.126373 0.129505
-0.00584928 0.164532 -0.000602831
-0.0852988 -0.193828 -0.049744
0.125656 -0.0716804 -0.0622081
0.0654368 0.126299 0.0531066
-0.141493 0.0830999 -0.146498
-0.213862 0.139223 0.0130194
-0.189668 0.126679 0.0449261
0.186266 0.0407184 0.092674
0.0636595 0.123958 0.0687561
0.113347 -0.0642111 0.121174
-0.174427 -0.144829 0.103809
-0.160059 -0.143699 -0.0832517
0.00657942 -0.174812 0.0282682
0.113375 -0.0524565 -0.179495
-0.068432 0.0246899 0.246288
0.0075446 -0.151755 0.154802
-0.12194 -0.00533669 -0.182619
0.116647 0.106651 0.0544297
0.0636322 -0.214097 -0.0669493
0.190622 0.0339275 0.0393838
0.0658813 0.14286 0.03184
0.0927844 -0.141047 0.0280293
0.0225552 0.0823578 -0.165762
-0.063314 -0.0629346 -0.223109
-0.179851 0.0504917 -0.012557
-0.110412 -0.213602 0.0235506
0.0682708 0.0218627 0.174185
0.181571 0.0201494 -0.0341071
0.211377 0.0641112 -0.0213334
-0.0386132 0.203261 -0.0440259
0.0462816 -0.220422 -0.0324891
-0.117953 -0.0213356 0.200619
-0.0634886 0.116024 0.137687
-0.143133 0.0672066 0.107367
0.115607 -0.177303 0.107313
0.158223 -0.0657227 0.15479
-0.0536065 0.170063 0.0463331
-0.212878 0.0895665 -0.0445703
0.115162 0.0700447 0.0773305
0.0418534 0.166257 0.00495081
-0.151629 0.1274 0.114727
-0.00993902 0.100141 0.148466
0.226518 0.00287189 0.0541401
-0.0435169 0.0745972 0.170004
0.0667729 0.0571316 -0.151531
0.0940127 -0.136511 -0.114163
0.200649 0.000700163 -0.0425285
-0.0319604 -0.148934 0.0205257
0.158865 0.148044 -0.0769226
-0.0519936 0.184937 0.121358
-0.109913 0.0522197 -0.209056
0.118089 0.0201564 -0.130178
-0.016492 -0.033326 0.214952
-0.0291711 -0.067378 -0.123419
0.106222 -0.119372 -0.120234
-0.0148803 0.156158 -0.16811
0.207565 -0.0565011 -0.0277753
0.0417514 -0.125654 0.129689
-0.022474 -0.10016 -0.165336
0.0999882 0.0810617 0.174219
0.0623647 0.150677 -0.144133
0.181893 0.118865 0.077031
-0.0764906 0.21715 0.0611332
-0.0860165 0.125556 -0.0769842
-0.174807 0.111772 0.0209308
-0.0398284 0.146102 0.0642147
-0.0592376 0.218979 0.00632264
-0.00570376 0.0347916 -0.13168
0.073729 0.145982 0.0410363
-0.1706 -0.15209 0.104127
0.126212 -0.0774707 -0.159449
0.0738102 -0.139488 0.0789798
-0.179131 0.0444589 0.0928273
-0.206444 -0.140349 -0.0406243
-0.100311 -0.0822969 0.208286
-0.174786 0.0412738 0.154322
-0.0224666 0.134246 0.158414
-0.201738 0.0742867 0.0777327
-0.038968 0.173333 0.0434695
0.0363319 -0.0189148 -0.166218
-0.0565272 -0.137596 -0.018727
0.118114 -0.0387886 -0.0397986
-0.0149871 -0.170448 -0.0233205
-0.128945 0.00277938 -0.139881
0.129187 -0.0574703 -0.0220324
-0.229709 -0.0133884 0.10679
0.12761 -0.0631059 -0.149953
-0.0432987 0.183147 -0.0429329
-0.0426919 -0.146639 -0.0143005
0.0149662 -0.00289248 -0.214195
-0.0311703 0.127469 0.151074
-0.124808 -0.211889 0.0157764
0.110085 0.131002 -0.0717808
0.0319245 -0.0097786 -0.197817
-0.173421 0.045753 0.0303173
-0.0232775 0.150636 -0.0897591
0.0688421 -0.000913926 -0.198694
0.0861964 -0.0226097 0.162205
0.0518068 0.00299262 -0.179254
-0.0800167 0.0134524 -0.184693
-0.0505708 -0.124649 0.174435
-0.154154 0.058452 0.158777
0.0460001 -0.153882 0.193076
-0.0142461 -0.0659538 0.133134
-0.0886036 -0.131667 -0.0480114
0.0373456 -0.15362 -0.12395
-0.0975638 0.16733 -0.0117875
0.149047 0.0121252 0.0155137
-0.237655 0.0572392 0.0652358
-0.0317911 -0.186892 -0.0638203
0.19543 -0.0927863 0.0249069
-0.0443482 -0.124718 0.0849287
-0.119595 -0.158779 -0.0370297
-0.0200784 0.149305 -0.00865916
0.172249 0.102892 0.088854
0.0904573 -0.0471378 0.199105
-0.0158686 -0.014228 -0.2163
-0.0329932 -0.0924956 -0.179473
0.0927934 -0.000754793 -0.187344
0.0343934 -0.126455 0.0794747
0.111703 -0.0436292 0.171088
-0.145958 -0.177654 0.0628737
-0.0292451 0.244491 -0.00156175
-0.010049 0.181338 0.0199534
0.172384 0.0644657 0.0321315
0.0744812 0.141005 -0.012731
-0.110737 -0.0782786 -0.190287
0.0547127 0.0914415 0.203769
-0.018221 -0.154904 0.0583924
0.0193712 -0.101577 0.136476
-0.00145647 0.188123 -0.0907913
-0.136716 0.108548 -0.0894588
-0.174784 0.15508 0.0169824
-0.0435511 0.0429142 -0.167648
-0.0999809 0.0554774 -0.130511
-0.174304 -0.0144127 -0.139431
0.0669332 0.0895925 0.193818
0.0415703 -0.196591 -0.100994
0.0647687 -0.0658048 -0.155962
0.168892 -0.0335706 0.0394729
0.0335515 0.138066 0.163299
0.171282 0.113521 0.0066171
0.0259654 0.213631 0.0810358
-0.00647354 -0.132219 -0.0571305
0.213822 0.0313475 -0.0900881
-0.211057 -0.0789182 -0.0486738
-0.0156866 -0.13559 -0.112788
-0.181814 -0.0729582 -0.0410029
-0.0202022 -0.180604 0.0940774
-0.138371 0.011799 0.0704559
0.152816 0.0674503 0.127683
0.0405644 -0.0370401 -0.187801
-0.10848 -0.0516165 -0.166529
-0.126828 0.0427381 0.189398
0.00253481 -0.162164 0.122897
0.0974236 0.102554 0.145859
0.124801 -0.0164296 0.11378
-0.0275966 0.0875605 0.210112
0.140415 -0.0787315 0.0919573
0.0337532 0.150048 0.193143
-0.124939 0.197964 0.0565152
0.0693338 -0.0214806 0.18357
-0.0900384 0.198889 -0.0437307
-0.148719 -0.134621 0.0636658
-0.064334 0.089613 0.169508
-0.0504355 0.123113 -0.178791
-0.162248 0.145788 -0.0982735
0.21271 -0.0699044 0.00764592
-0.224121 0.0604433 -0.0663026
-0.102404 0.0107196 -0.12612
0.213779 0.0819919 -0.0488738
-0.202226 0.104587 0.113303
-0.130903 -0.177247 0.0891932
0.118889 -0.142558 -0.132521
-0.183257 -0.00139802 0.117872
-0.0900107 -0.132587 0.130038
-0.105556 0.102059 0.205585
-0.0966403 0.0891825 -0.202108
0.0172205 -0.208736 0.00758774
0.149957 0.136791 0.129229
-0.0511772 0.140383 -0.183682
-0.0758257 -0.0720115 0.144489
0.0878769 -0.0332856 -0.140214
0.178475 -0.0803625 0.0553415
-0.0471334 -0.109505 -0.19833
-0.0138227 0.130945 0.120158
-0.205397 0.0324572 0.115711
0.0165313 -0.024813 0.233188
0.0683533 -0.116567 0.134244
-0.127094 0.00217236 0.155644
-0.00064335 0.107217 0.152675
-0.161099 0.177174 0.0505737
0.00384253 -0.0866476 0.180734
-0.142518 -0.139906 -0.0339542
0.0577372 -0.0872595 0.199276
-0.00413466 0.0214166 -0.177363
-0.0696944 -0.0531531 -0.194927
-0.0831085 0.00544074 -0.160677
0.151001 0.0937465 -0.0656462
-0.026115 -0.0358557 -0.141393
-0.030315 -0.121885 -0.186228
0.140984 -0.0666906 -0.0171435
0.139722 -0.0359392 0.000190571
-0.187731 -0.0996853 0.0561321
-0.0171179 0.173516 0.00480507
0.0158758 0.0471427 0.18357
0.0314353 -0.183546 0.0935287
-0.162478 -0.0246487 -0.15761
0.17864 -0.0652596 0.0720967
-0.0847131 -0.0212422 -0.143943
-0.0198308 0.176269 -0.0603363
0.063465 -0.126224 -0.181183
-0.188077 0.12431 -0.0944896
-0.00485481 0.131436 -0.0443731
0.0315513 0.0745362 -0.128888
0.000640026 0.074039 0.206035
-0.00345027 -0.114368 0.19875
-0.136985 -0.0589217 0.0832774
-0.0569992 0.141855 -0.0532397
-0.163117 0.108437 0.04149
-0.0137552 -0.184281 0.160034
0.0498838 -0.0964952 0.226536
-0.00201299 -0.125378 -0.171401
-0.0885437 0.00399237 0.236768
-0.141153 -0.00218323 0.200879
0.0388481 -0.0116729 0.140809
-0.153274 -0.142715 -0.118285
0.0281313 0.231776 0.072232
-0.126301 0.0310316 -0.198885
0.0294946 0.00606827 0.225977
-0.0245703 -0.137868 -0.0680717
-0.0608918 0.148708 -0.142274
-0.140913 0.10664 -0.0125168
-0.0633403 0.0746725 0.20085
0.0823405 -0.0401268 -0.140362
-0.0445182 -0.1283 0.0591952
-0.0930241 -0.0190615 0.159681
0.112261 -0.14204 -0.0838562
-0.167222 -0.0426071 -0.105258
0.0310494 -0.164536 0.14669
0.00430123 0.097157 -0.209822
-0.0870643 0.215878 0.0171258
0.122859 0.0850656 0.00327138
-0.0434345 -0.0349262 0.233395
0.0302232 -0.150814 0.0911342
0.0406057 0.106186 0.223975
0.020712 -0.189992 -0.0715532
0.0114802 -0.00162186 0.204679
-0.104325 0.171461 -0.0487448
-0.15927 -0.0948746 -0.12474
0.0206499 0.164521 0.0279536
0.13997 0.131598 -0.02439
-0.186479 -0.123924 -0.0877512
-0.196104 0.000837013 -0.102673
0.0498498 -0.0969803 0.19342
-0.131804 0.048592 -0.131897
0.000150236 0.194996 -0.0884476
-0.0866556 -0.0398778 -0.187465
-0.208026 0.0727585 0.0968297
0.173168 0.0567111 0.105132
0.0502919 -0.144931 -0.123726
0.164864 0.0772401 -0.0258197
0.107284 -0.0602092 0.180324
-0.0469687 -0.135546 -0.00825287
0.117816 0.0324675 0.182331
-0.148879 0.122598 -0.0825347
0.102176 -0.148264 -0.135699
0.00664625 -0.154114 0.000427585
-0.14592 0.0949009 0.136756
-0.0841262 0.153558 0.0186638
0.0549671 -0.131365 -0.107268
0.0418698 -0.0895987 0.216282
0.0908248 -0.216139 -0.0298258
0.113917 -0.0984432 -0.155311
-0.108807 0.196319 -0.0526374
-0.0948534 0.0280061 -0.165348
-0.152544 0.0823857 0.186489
0.111382 -0.0399097 0.154724
0.124004 0.0439449 -0.0467188
-0.172038 0.162885 0.0302397
-0.157765 -0.104064 -0.0389798
0.155102 -0.0526384 0.134064
-0.023971 0.168873 -0.0767062
-0.0563436 0.13307 0.182262
-0.102781 -0.0172049 0.223763
-0.0396518 -0.18477 -0.113161
0.140811 0.0836962 0.145074
-0.122614 -0.179307 0.00869025
0.03695 -0.130376 0.0357075
-0.198077 0.0234384 0.119871
-0.0963101 0.131797 -0.113118
0.22301 -0.0642861 -0.0337391
0.100564 -0.192824 -0.0123317
0.147209 -0.0526731 0.0850876
-0.0560225 -0.200738 0.0481706
0.123671 0.0411925 -0.161887
0.0661344 0.147836 -0.148536
0.0743854 0.0204058 0.133532
0.137347 0.0986496 0.147047
0.0104383 -0.139421 0.175959
-0.211732 -0.10144 0.0351129
0.0292808 0.0123536 -0.231086
-0.191987 0.118679 -0.0494428
-0.0395524 -0.142285 0.193701
0.00914019 -0.158279 -0.0644182
0.0628148 -0.2234 -0.0438241
-0.0303553 -0.0448676 0.218559
0.126975 0.151729 -0.0445054
-0.00349155 -0.226788 -0.0704269
-0.250855 -0.0176044 -0.00846885
0.0815859 -0.118552 0.162002
-0.154274 0.138486 -0.0944595
-0.0918984 0.177817 0.113991
0.0299195 0.062254 -0.146229
-0.157414 -0.0264481 -0.00456355
0.0239832 -0.171386 -0.163284
-0.13625 0.185865 0.0243736
-0.198199 0.00964208 0.113243
-0.142328 -0.0523312 0.154932
-0.151071 -0.162448 0.000855622
-0.160593 -0.0590658 0.088495
-0.0192748 -0.164664 0.164159
-0.0945748 -0.164645 -0.0518839
-0.0612168 -0.147392 0.0524349
0.12678 0.122657 -0.0781358
0.0184338 -0.141421 -0.110658
0.065887 -0.0936976 -0.160965
-0.110323 0.162107 -0.0663671
-0.190141 -0.0499334 -0.106914
0.0255489 0.22729 -0.0362976
0.120523 0.0971885 0.0982313
-0.064433 -0.00107437 0.150968
0.0176256 0.162918 0.0508626
-0.041436 -0.116871 0.191354
-0.0405838 -0.0277758 -0.22186
0.0906016 0.146015 0.144411
-0.0509608 -0.136127 0.0629714
0.185198 -0.117427 -0.0374702
0.121414 -0.14797 0.0587457
-0.0895433 0.198876 -0.0697003
-0.0793881 -0.0826345 0.170854
0.0666809 0.0529842 0.145569
0.1279 -0.106863 -0.0535398
-0.154646 0.0535731 0.168832
-0.234616 0.00150289 0.0117799
-0.138438 0.0211282 0.0476314
0.116152 0.082422 -0.101333
-0.152848 0.0192974 -0.0357703
0.0267831 0.0638135 -0.206251
-0.213947 -0.0673064 -0.118087
-0.159865 0.0880162 -0.0561524
0.186397 -0.107573 0.0980714
-0.0717744 -0.22385 -0.010259
-0.100903 -0.0425528 -0.181417
-0.0110819 0.0363041 0.181703
-0.0304223 -0.160325 0.149799
0.0125804 -0.133697 -0.167046
0.102164 -0.134968 -0.0157617
0.0106332 -0.202825 0.0104949
-0.0167183 0.137254 -0.153799
0.0139024 0.0871224 -0.146303
-0.0100905 0.183333 0.0518782
0.0571421 -0.140088 0.112825
0.117635 -0.114754 -0.165055
-0.125204 0.131906 0.0364322
-0.233411 0.0787356 0.066192
0.193157 -0.0877791 -0.0222566
-0.148527 0.169736 0.0177193
-0.23344 -0.00694444 0.0313078
-0.140843 -0.103959 0.187619
-0.00939322 0.171367 -0.0997464
-0.0275251 -0.0993374 -0.20576
0.0785392 0.02985 -0.216615
-0.0366998 -0.207703 0.0686464
-0.201907 -0.137394 0.00437569
-0.00664832 0.00630008 -0.14263
-0.0821989 0.00541266 -0.200135
-0.167274 -0.0270642 -0.123592
0.182573 -0.088645 0.0133515
-0.0690913 0.16549 0.157484
0.0342262 -0.199217 0.127434
0.136887 0.0447332 0.0557162
0.0439268 -0.0253992 0.223203
-0.0766798 0.0343602 0.164329
0.164886 -0.00730768 0.0855874
0.165281 0.0191975 0.0939619
0.0299497 -0.19544 -0.0905051
0.134233 -0.00708569 -0.0361142
0.188963 -0.101049 0.0222734
0.136107 -0.135364 0.0563692
-0.0950968 0.0539069 -0.11935
0.0732048 0.0118466 0.22437
0.115171 -0.0831802 -0.00478707
0.166612 -0.009088 0.0900154
0.190756 -0.00630545 -0.112206
0.0425368 0.0775264 -0.187481
0.1195 0.0357802 -0.00330033
-0.0237539 -0.138524 0.0131224
-0.0545846 -0.179055 -0.0703037
-0.0761158 -0.146952 0.169486
-0.0344339 -0.199489 -0.103714
-0.135657 -0.102776 -0.120316
0.122074 -0.128526 -0.115811
-0.142057 -0.0718493 -0.110185
0.14069 -0.184455 -0.0158216
-0.0255432 0.154349 0.153238
0.0586429 0.174168 -0.0387494
-0.0464643 0.0259134 -0.158649
-0.0301508 -0.0423523 0.133778
-0.0822874 -0.237073 0.0056773
-0.159837 0.0955716 0.140685
-0.134256 0.129729 -0.114119
-0.189041 0.0896389 -0.0832234
0.000793343 -0.0374275 -0.182523
0.0274742 0.0534629 -0.187569
0.0693316 -0.165371 0.11442
-0.0734975 -0.144431 0.151332
0.040266 0.130172 -0.139424
-0.0201169 0.0628912 0.236584
-0.240679 -0.0522253 -0.0607693
-0.111074 0.0125372 -0.178066
-0.145889 -0.00146889 -0.0943418
-0.0150781 0.181642 -0.153469
0.153902 -0.00112552 0.150249
-0.160527 0.0603539 -0.170026
-0.0858272 -0.130408 0.0650887
0.16047 -0.103391 -0.0105655
-0.165738 -0.0417862 0.0243533
-0.0521933 -0.139569 0.194183
-0.176015 -0.108896 0.00367606
-0.201543 -0.0546475 -0.0547506
0.068497 0.0439076 -0.172143
0.0548278 0.103844 -0.130122
-0.100656 -0.108785 0.187415
-0.177922 0.142497 0.0637831
0.12112 -0.177145 -0.0248877
0.175585 0.0850198 0.0795642
-0.00778472 -0.136226 0.0874942
-0.216245 0.0101527 -0.102133
0.099204 -0.189641 0.0973666
0.189521 -0.0299923 0.0192375
-0.150021 0.0478834 0.0246115
0.0213296 -0.167367 0.0802769
0.0574441 0.141182 0.115519
0.0637107 -0.193881 -0.0580499
0.00656609 0.187506 0.0113538
0.191638 0.0535375 0.0313247
-0.0838268 0.0367285 -0.18271
-0.142973 0.0299411 0.114644
0.105101 0.100583 0.182137
-0.00725008 0.173923 0.0777929
0.164485 -0.0055723 0.0190963
0.0077748 0.00827116 -0.222098
0.152301 -0.00417428 -0.0289855
0.0922382 -1.02939e-05 0.139144
-0.197964 -0.0317615 -0.0449859
-0.0646129 -0.195759 0.149493
0.200425 -0.0993547 0.0848557
-0.000981954 0.0355778 -0.202044
0.0261973 -0.0201675 -0.197023
-0.0547714 0.0431945 -0.195949
-0.196779 0.0669915 0.092573
0.0433221 -0.112567 0.209728
-0.168826 0.055809 0.165848
-0.0238818 0.175542 -0.0175476
-0.0765604 0.0194782 0.161923
0.209717 -0.0912551 -0.0575912
0.013351 0.0748518 -0.192256
-0.178201 -0.160148 -0.0758988
0.0894709 0.167157 -0.0363484
-0.0574073 -0.0300093 -0.220996
0.143175 0.0747741 -0.0826956
-0.0958739 -0.218482 -0.067964
-0.221246 0.054114 0.0986709
0.0704742 0.0799084 -0.198498
-0.046229 -0.155755 0.177247
0.103316 0.150811 0.0228426
0.0987101 0.0464262 0.183128
-0.000948836 -0.241602 -0.0402692
0.0771512 0.110689 0.180567
-0.150252 0.0624506 -0.117315
-0.043994 0.150675 -0.02458
0.0376389 0.0339408 -0.146529
-0.148751 -0.0990074 0.0864896
0.0147798 0.139611 0.037752
0.128935 0.0395933 -0.0302839
-0.137723 0.121851 0.0341591
0.188706 0.0151956 0.00320324
-0.108091 -0.015442 0.232989
0.126301 -0.0788711 0.173862
0.120787 0.0555249 -0.193454
0.119536 0.161689 -0.123859
0.0467225 0.0976319 0.162647
-0.117689 -0.00946332 0.225355
0.00201388 0.12255 0.135671
0.170255 0.15136 -0.0228736
0.0760782 0.208712 0.0690958
0.199412 0.018384 -0.0508476
0.0196197 0.0859241 -0.152359
0.00873961 -0.162779 0.116646
-0.141435 0.0586617 -0.0132123
0.139927 0.0521007 0.113179
0.0414613 0.10526 -0.11952
0.120797 0.112114 -0.0167258
0.0564255 0.235442 0.0129447
0.197804 0.119771 0.0055851
0.147531 -0.0879741 -0.112933
-0.00763923 0.103075 -0.13192
0.0542893 -0.209858 0.0684931
-0.0653206 -0.105163 -0.140503
-0.0352371 0.107161 -0.126995
-0.124932 0.204383 -0.0144183
-0.039989 0.189944 -0.0429351
-0.16402 -0.0368916 -0.0908843
-0.127302 0.199861 0.0258206
-0.158809 0.16428 0.0660028
0.11308 -0.117079 -0.0844142
-0.217097 0.112101 -0.0526401
0.133263 -0.0463585 0.0194885
0.115734 0.0838313 0.179468
0.126952 0.171215 -0.0773499
-0.0741122 0.0661726 -0.201673
0.145074 -0.168357 0.0633051
0.194352 -0.0521334 -0.0438907
0.0676856 0.0780575 -0.133601
0.124366 0.190796 0.0497091
0.0222131 -0.160031 -0.130286
-0.229361 0.0201329 0.121614
-0.112307 -0.0259613 -0.201176
0.170864 0.00787967 -0.102496
0.164417 -0.0335294 0.0193792
-0.0826676 -0.176869 -0.00545495
-0.0201088 0.073833 0.18938
-0.14082 -0.0302315 -0.139337
-0.230183 0.0247104 -0.083074
0.189357 0.0252616 -0.102
0.0147155 -0.161354 -0.176203
0.136766 -0.000330328 0.103851
-0.22175 -0.0946264 -0.0427454
-0.0651402 -0.214853 0.0823922
0.0987328 -0.20569 0.0818781
0.0763684 -0.195933 0.115383
0.0600196 0.0614516 0.170368
-0.16355 0.00474651 -0.0141163
0.0942961 0.0583524 -0.191477
-0.0259234 -0.201468 0.126948
0.0113086 0.0442059 -0.234954
0.154718 -0.031 -0.0803256
-0.0763339 -0.158054 0.0343761
0.0962713 -0.163936 -0.0323698
-0.173289 0.0249212 0.131961
-0.0407423 -0.113926 -0.165031
0.0351469 0.100738 -0.137811
0.067224 0.152539 0.0232034
0.143905 0.119257 0.0320575
0.15253 0.147061 -0.0678592
0.220266 -0.0588146 -0.0485535
-0.21285 -0.127462 -0.00396409
0.0245044 -0.189201 0.162052
-0.0857299 -0.122041 -0.12547
-0.0112229 0.153764 -0.184306
0.0122527 0.0549964 -0.19281
-0.163102 -0.0853065 -0.0186412
-0.0898388 -0.154169 -0.11711
-0.034411 0.121574 0.142313
-0.173225 0.11361 0.0487503
-0.0589492 -0.147756 -0.0877848
0.0627695 -0.135961 0.193212
-0.0558241 -0.0363663 0.243845
-0.199825 -0.108602 -0.0869658
-0.0409767 -0.0798568 0.14272
-0.0905978 0.213429 -0.0807455
0.0825117 -0.0624302 0.171384
-0.139425 0.13337 0.0615598
-0.0362112 0.0658894 -0.173143
0.0186405 0.0589111 -0.203658
-0.116673 -0.149373 0.0432571
-0.121591 0.0269409 0.209811
0.151491 0.00130249 0.109521
-0.190471 -0.0813271 -0.0613769
-0.055009 -0.0353539 0.170095
0.0981216 -0.135581 0.0679286
-0.026869 -0.217171 -0.0401247
-0.0878476 0.00250845 0.222851
-0.140859 -0.160177 0.063814
-0.090922 -0.0634513 -0.161366
0.0327098 0.200746 0.14325
-0.202908 0.0375106 -0.0378382
-0.0344882 0.0404174 -0.2299
-0.00585782 0.0538708 -0.119281
-0.0908116 -0.151998 0.0559296
-0.20021 0.133764 0.0657845
-0.147677 -0.0453958 -0.0939988
-0.106406 -0.204488 0.0972509
0.0651617 -0.146623 -0.11523
0.0971012 -0.0985829 -0.120778
0.160574 -0.040113 -0.160669
0.11103 0.0766693 0.165267
0.115197 0.106304 0.0793991
0.00656444 0.0890268 -0.158656
0.116912 0.156119 0.143
-0.0132695 0.200086 0.0903364
0.156499 -0.0374795 -0.158134
-0.201105 0.0764475 -0.107493
-0.0908127 0.0310638 0.223545
-0.0267831 0.106406 0.185256
0.0613087 0.144946 0.143583
0.0608396 0.178796 -0.0704846
0.120405 -0.0567432 0.204863
-0.239178 -0.0676908 -0.0186721
0.0631441 -0.0108381 0.221192
0.121757 0.0674003 0.02903
-0.0148339 0.134503 -0.0525942
0.202137 -0.000366262 -0.0952612
-0.0773558 0.0385329 0.155383
0.0560344 -0.144198 -0.176187
-0.0355162 -0.124244 0.140015
-0.162434 0.163827 0.0732469
-0.246089 -0.022462 -0.00928943
0.12174 0.0956629 0.140651
0.0799169 0.134723 -0.109791
-0.128574 0.168624 0.0694253
-0.104152 -0.19263 0.114641
0.0623723 0.0245388 -0.157031
0.199573 0.0842582 -0.0734408
0.0246723 0.199772 0.140449
0.0356522 0.136558 0.144679
-0.0427894 0.0291201 -0.235286
0.0120427 0.0613898 0.211284
0.0919178 0.123822 -0.0656851
-0.197992 0.0134959 0.0777635
-0.0540217 -0.186562 -0.0392909
-0.171842 -0.0897233 -0.11087
-0.0659424 -0.0978009 -0.139212
0.107308 -0.129425 0.166587
-0.0916304 -0.1662 -0.106598
0.149494 0.128982 0.0769351
-0.0524464 -0.166882 -0.0715752
-0.00777203 -0.0204669 0.146694
-0.0930861 -0.1823 -0.0361138
0.0435884 -0.166768 -0.0960621
-0.228604 0.0768691 -0.0186904
-0.135009 0.031889 -0.00427883
0.120554 -0.00570594 0.20995
-0.22818 -0.000582826 0.0175652
0.113719 0.0799324 0.118986
-0.0580187 0.100194 -0.139846
-0.0449974 -0.0832727 0.135167
0.200062 0.0470061 -0.110336
-0.14823 0.184777 -0.0563212
0.0345643 -0.135234 0.110468
-0.0119784 0.0877322 0.173523
0.0815918 0.17414 -0.0697598
0.0203056 -0.0615437 0.225879
0.152212 0.0152806 0.0113605
-0.120899 0.168309 0.0722223
-0.0737626 0.0664615 -0.185579
0.0685419 -0.152526 0.151648
-0.106601 0.16484 0.124183
0.128962 0.0225108 0.196408
-0.129354 -0.127871 0.149749
0.117037 0.0233642 -0.112911
0.146386 0.111407 -0.00630088
-0.139336 -0.180413 -0.0995643
0.0459281 -0.12912 0.146778
0.0995425 0.131618 -0.00668031
-0.110005 0.0858793 0.185423
-0.00513598 0.105893 0.20476
-0.106531 -0.156395 -0.0713517
0.0712355 -0.169993 0.0940513
-0.174606 0.00244204 -0.0552217
0.201625 -0.05333 0.0385176
-0.00483801 0.201824 -0.0881303
0.077891 -0.10521 -0.121065
-0.0340333 -0.157236 0.171916
0.136313 -0.123372 -0.117573
-0.143366 0.195182 0.0521685
0.0211278 0.0294645 -0.208793
-0.0499197 0.0386921 0.238766
-0.163313 -0.0360976 0.178679
0.055319 0.0944961 -0.169044
0.0882952 0.0418973 0.216942
0.0129331 0.159121 0.0446662
-0.0264048 -0.0360986 0.169509
0.179314 -0.153232 -0.0145017
-0.152876 0.0830382 -0.124461
-0.0787157 -0.178996 -0.102074
-0.236401 -0.0845889 -0.0414087
-0.190072 -0.10448 0.0843636
-0.108948 -0.110295 -0.159652
-0.106978 0.150031 -0.0293329
-0.226729 -0.0176118 0.110748
-0.0344221 0.0415313 -0.205073
-0.151836 0.0207129 0.14557
0.160882 -0.0581879 -0.131782
-0.204562 -0.104014 -0.0373978
-0.0366791 -0.223137 0.0921349
-0.147855 0.0618459 0.0790351
0.0856384 0.00916863 0.230633
0.173871 -0.0894048 -0.023058
-0.0135855 -0.104415 -0.192502
-0.141914 0.0270088 0.157627
0.146808 0.117748 -0.0442236
0.0779263 0.218733 0.0266589
-0.0543854 0.162438 0.132526
-0.223241 0.0310473 -0.0117163
-0.0460128 0.129373 0.176153
-0.200053 0.109031 -0.0950535
-0.092038 0.139543 0.156583
-0.178003 -0.00573817 0.102616
-0.15672 -0.00044686 -0.039414
0.133919 -0.0089576 0.165206
-0.0367071 0.140693 0.0831154
-0.141918 -0.18457 0.0610978
-0.248807 0.0365352 0.00111519
0.188185 0.090023 -0.00506475
-0.0722016 0.0895498 0.202838
-0.213629 -0.0595925 0.127133
-0.138164 0.175892 0.0843853
-0.0374918 -0.175027 -0.165233
0.0781283 -0.120239 0.145017
-0.0294464 -0.0275258 -0.130372
0.0926066 -0.203755 -0.0356724
-0.132188 0.0339883 0.134137
0.049069 -0.0223991 -0.1204
0.0594568 -0.180281 -0.108471
0.0143417 -0.0053353 0.162795
-0.0155857 0.0624194 -0.187361
-0.189248 0.0515084 -0.00881627
-0.133049 0.020677 0.157547
0.0210391 -0.130576 0.0432635
-0.197575 -0.133081 -0.016044
-0.105166 -0.166491 0.0480877
-0.183015 0.128434 0.0975386
-0.0507788 -0.222815 -0.0233372
-0.139734 -0.11927 0.101917
-0.122044 0.152405 -0.134132
0.182213 0.125262 -0.0523002
-0.0564032 0.0181979 -0.234262
0.0449897 0.0957637 -0.140545
-0.134928 -0.141058 0.0434693
0.159569 0.0358224 -0.0931931
0.202418 -0.0980853 -0.00887936
-0.0312549 0.133544 0.0305958
0.114951 -0.00861843 -0.165752
-0.174108 0.116617 0.125611
0.159341 -0.0727898 0.153778
-0.0260396 -0.0242698 0.224898
-0.00926677 0.199848 0.0903288
0.163244 -0.0214556 0.128892
0.0728034 0.0763681 -0.121857
0.124602 0.0707299 -0.127869
0.0159943 -0.188396 0.0104534
-0.0270653 0.143726 0.0990521
0.0668291 -0.132431 0.180942
0.164482 0.0174044 -0.0862914
-0.195463 -0.00488015 -0.0891706
0.209459 0.0177994 0.0315008
-0.160736 -0.0231168 0.201671
-0.0786477 -0.0166158 -0.12625
0.0666158 -0.162784 -0.0790686
-0.0662907 -0.231866 -0.0182231
-0.0487033 -0.166181 -0.0826575
-0.0271169 -0.132387 -0.0504429
0.0415681 0.129076 0.161421
-0.092094 -0.0561156 0.203612
0.0966284 -0.131866 -0.120244
-0.1787 0.0659218 -0.116281
0.0066699 -0.14397 0.133469
-0.022117 0.146871 -0.027167
0.000352986 -0.136735 -0.064011
0.163868 0.0268648 0.130858
0.123656 -0.0932009 -0.137994
0.0525681 -0.0920695 -0.189994
0.171797 0.0380341 0.0447265
0.0437304 0.127854 -0.0739103
-0.179985 0.0132673 0.101376
0.0521173 -0.163611 0.15007
0.0101381 -0.130397 -0.0701258
0.134115 -0.115539 0.0446071
-0.0800915 -0.189248 0.111281
0.126627 -0.0648659 -0.105465
0.184177 -0.00139142 -0.10566
0.167266 0.00226384 -0.040852
-0.00154239 -0.198639 0.0536718
0.159925 -0.0537309 0.0602271
-0.0400484 0.0812298 -0.156395
0.0471792 -0.181422 0.0463121
-0.0833996 0.000295612 -0.156907
-0.188117 0.130828 -0.0388347
-0.12278 0.0556055 -0.183428
-0.185236 -0.140896 -0.0343386
-0.173726 -0.0257811 -0.0797129
-0.0615069 0.0989247 -0.125459
0.0693081 0.0891094 0.17904
0.118752 -0.055483 -0.0665239
-0.162954 0.0590016 -0.116185
-0.068875 0.119721 -0.126605
-0.0609929 -0.152907 -0.0226893
0.15467 -0.0162259 -0.00075198
0.168625 0.101971 0.0505159
0.0183911 0.0979589 -0.200119
0.119374 0.0489046 -0.0690707
0.143793 0.135084 -0.0441256
-0.0212261 0.0951117 0.219276
0.0894428 0.172372 -0.0157534
0.12311 -0.0723607 0.0258956
0.140479 -0.144517 0.100449
-0.0293854 0.0853137 0.157695
0.104785 0.198216 -0.0274386
-0.0531019 0.0252541 -0.234708
0.195977 0.000720188 0.026429
-0.220956 0.0597256 0.079744
-0.109918 -0.0601886 -0.177944
0.11771 -0.00373956 -0.0933497
0.138544 -0.0342309 0.0736522
0.0203737 -0.199239 0.0613073
0.160757 0.146996 -0.0432165
-0.0530374 0.12628 0.036105
0.13694 -0.122264 -0.000600469
0.116785 -0.0514091 0.0279831
-0.0447792 0.0849741 0.168176
-0.0933083 -0.195374 0.10052
-0.187768 -0.110279 -0.000997358
-0.00171461 0.190077 -0.0788286
0.0140218 0.229781 0.0325778
0.125852 0.11297 0.159956
-0.112854 -0.125244 -0.161606
-0.197578 0.0851909 0.0822991
0.201565 -0.0950152 -0.039288
-0.013583 -0.0117576 0.13494
0.0877755 0.177056 0.133561
0.120578 0.0779717 0.021619
-0.214975 -0.031684 -0.0308585
0.207207 -0.0804461 -0.0176382
0.0367781 0.133876 -0.11648
0.121973 0.032839 -0.0597927
-0.119667 -0.0685539 -0.191273
0.0675545 -0.155789 0.0792277
-0.0192181 0.164593 -0.100026
-0.196563 -0.070456 -0.0758365
-0.21497 0.0142156 0.0228771
-0.0821133 0.13716 0.00438201
0.117377 -0.00222352 -0.0753158
0.00918899 0.130372 0.099166
0.0423556 -0.159798 0.0371669
0.00589729 -0.10315 -0.129889
0.0862664 -0.154301 0.0292892
-0.225676 0.0638416 -0.0377496
0.19314 0.0753601 0.111039
-0.159865 -0.0876093 -0.116121
0.159076 -0.105359 0.0836921
0.144488 -0.136322 0.14374
-0.141015 0.010819 0.0142271
-0.107502 0.202735 0.105568
-0.127224 0.136504 -0.0488323
0.0519636 -0.0478896 0.237566
0.0703212 -0.12568 0.0169538
0.0539848 0.204734 0.0393355
0.154091 0.164299 0.0437561
-0.0883655 -0.130574 0.103986
-0.110765 -0.164337 0.0471558
-0.0110415 -0.0792574 0.238385
-0.101921 -0.126292 -0.125141
0.136238 0.00332577 -0.102197
-0.080105 -0.169719 -0.0770611
0.143455 -0.116055 0.125621
0.185401 -0.0724406 -0.103211
0.112709 -0.134229 0.0291779
-0.180974 0.0910059 0.14224
0.112609 -0.101551 -0.0677078
0.0378716 -0.0477436 0.197548
0.0737552 -0.108331 0.165505
0.00127418 0.167813 -0.109081
0.0933602 0.133602 -0.0243187
-0.169512 0.0977598 -0.0851649
0.0142364 -0.18258 -0.0640855
0.133334 -0.0521036 -0.0858459
-0.0181699 -0.207734 0.0998492
0.188531 -0.0757711 -0.0506406
-0.19278 -0.103579 0.019158
0.0644118 -0.187271 -0.0549319
0.101848 -0.0214848 0.204314
0.177318 -0.140453 0.040508
0.0232784 0.0480082 0.18727
0.044954 0.135463 -0.173591
-0.0916538 0.122949 0.0810014
0.12276 0.0294626 0.0783286
-0.111731 -0.0555952 -0.148489
-0.152168 0.156568 0.00400583
0.096428 0.0193974 -0.206324
0.145403 0.0608478 -0.0994505
0.0883454 0.17173 -0.0396067
0.129841 -0.0488204 -0.142502
-0.0685209 -0.0274742 0.152285
0.0207795 -0.0194882 -0.234191
0.144058 -0.0530772 0.0323289
0.0782876 0.139574 0.15539
0.213814 -0.00461583 0.0771077
-0.232267 0.00800046 -0.0839501
-0.2059 -0.0921118 -0.0404025
0.021904 -0.0520923 -0.12676
0.0409538 -0.0994865 0.143822
0.136897 -0.153595 0.100661
0.166463 0.00266416 -0.0733139
0.0136556 -0.144461 -0.0201073
0.038549 0.145184 -0.0506361
-0.0516028 -0.0363088 0.154343
-0.0107563 0.204068 0.117476
0.0679855 -0.0719485 -0.137276
0.0629432 -0.0313434 -0.135796
-0.0841664 -0.00978435 0.155462
0.0278048 -0.0564921 0.162986
-0.0248115 0.0727427 -0.213204
0.137092 0.163557 0.0683756
-0.107402 0.170778 0.138534
-0.0729796 0.158135 0.0878407
0.0191468 -0.221227 -0.0569819
-0.150228 0.15079 0.0502331
0.168471 -0.0931209 -0.0913287
0.0374713 0.230467 0.0206912
0.149503 0.100207 0.0752592
0.127378 -0.18183 -0.0484899
0.115188 0.12198 0.15024
0.0669573 -0.19846 0.0434964
-0.210324 -0.0177662 -0.0704598
0.138402 0.0277873 0.150643
0.0736332 -0.169897 -0.016432
0.0621468 0.148434 -0.0473605
0.115741 0.112537 0.0454538
0.0019181 -0.0519468 -0.196425
-0.116519 -0.190805 0.0189732
-0.0268619 0.0996969 -0.165105
-0.0803259 0.206914 -0.0441535
0.129981 -0.00398822 0.0885575
0.18818 -0.0120401 -0.0469001
-0.169392 0.059335 -0.0811477
-0.0171267 -0.172513 0.0751849
0.0462151 -0.0724277 0.17546
